// Image VSC-4weave.png (100x104)
// Original luminances: min=0, max=255
// Texture heights: min=0.0, max=1.0
texture = [
    [ 0, 0, 0, 0, 0, 0, 0, 0, 0, 0, 0, 0, 0, 0, 0, 0, 0, 0, 0, 
        0, 0, 0, 0, 0, 0, 0, 0, 0, 0, 0, 0, 0, 0, 0, 0, 0, 0, 
        0, 0, 0, 0, 0, 0, 0, 0, 0, 0, 0, 0, 0, 0, 0, 0, 0, 0, 
        0, 0, 0, 0, 0, 0, 0, 0, 0, 0, 0, 0, 0, 0, 0, 0, 0, 0, 
        0, 0, 0, 0, 0, 0, 0, 0, 0, 0, 0, 0, 0, 0, 0, 0, 0, 0, 
        0, 0, 0, 0, 0, 0, 0, 0, 0,  ],
    [ 0.004, 0.004, 0.004, 0.004, 0.004, 0.004, 0.004, 0.004, 
        0.004, 0.004, 0.004, 0.004, 0.004, 0.004, 0.004, 0.004, 
        0.004, 0.004, 0.004, 0.004, 0.004, 0.004, 0.004, 0.004, 
        0.004, 0.004, 0.004, 0.004, 0.004, 0.004, 0.004, 0.004, 
        0.004, 0.004, 0.004, 0.004, 0.004, 0.004, 0.004, 0.004, 
        0.004, 0.004, 0.004, 0.004, 0.004, 0.004, 0.004, 0.004, 
        0.004, 0.004, 0.004, 0.004, 0.004, 0.004, 0.004, 0.004, 
        0.004, 0.004, 0.004, 0.004, 0.004, 0.004, 0.004, 0.004, 
        0.004, 0.004, 0.004, 0.004, 0.004, 0.004, 0.004, 0.004, 
        0.004, 0.004, 0.004, 0.004, 0.004, 0.004, 0.004, 0.004, 
        0.004, 0.004, 0.004, 0.004, 0.004, 0.004, 0.004, 0.004, 
        0.004, 0.004, 0.004, 0.004, 0.004, 0.004, 0.004, 0.004, 
        0.004, 0.004, 0.004, 0.004,  ],
    [ 0, 0, 0, 0, 0, 0, 0, 0, 0, 0, 0, 0, 0, 0, 0.004, 0.004, 
        0.004, 0.004, 0.008, 0.008, 0.008, 0.008, 0.008, 0.008, 
        0.008, 0.008, 0.004, 0, 0, 0, 0, 0, 0, 0, 0, 0, 0, 0, 
        0, 0, 0, 0, 0, 0, 0, 0, 0, 0, 0, 0, 0, 0, 0, 0, 0, 0, 
        0, 0, 0, 0, 0, 0, 0, 0, 0, 0, 0, 0, 0.004, 0.004, 0.008, 
        0.008, 0.008, 0.008, 0.008, 0.008, 0.008, 0.004, 0.004, 
        0, 0, 0, 0, 0, 0, 0, 0, 0, 0, 0, 0, 0, 0, 0, 0, 0, 0, 
        0, 0, 0,  ],
    [ 0, 0, 0, 0, 0, 0, 0, 0, 0, 0, 0, 0, 0.004, 0.004, 0.012, 
        0.016, 0.012, 0.012, 0.031, 0.043, 0.047, 0.051, 0.051, 
        0.047, 0.043, 0.031, 0.012, 0.008, 0.012, 0.008, 0.004, 
        0.004, 0, 0, 0, 0, 0, 0, 0, 0, 0, 0, 0, 0, 0, 0, 0, 0, 
        0, 0, 0, 0, 0, 0, 0, 0, 0, 0, 0, 0, 0, 0, 0, 0, 0, 0.004, 
        0.008, 0.004, 0.008, 0.024, 0.039, 0.047, 0.047, 0.051, 
        0.047, 0.043, 0.035, 0.016, 0.004, 0.008, 0.008, 0.004, 
        0, 0, 0, 0, 0, 0, 0, 0, 0, 0, 0, 0, 0, 0, 0, 0, 0, 0, 
         ],
    [ 0, 0, 0, 0, 0, 0, 0, 0, 0, 0, 0, 0.008, 0.012, 0.012, 0.024, 
        0.055, 0.102, 0.176, 0.306, 0.373, 0.408, 0.42, 0.42, 
        0.412, 0.376, 0.298, 0.173, 0.102, 0.055, 0.02, 0.012, 
        0.012, 0.008, 0.004, 0, 0, 0, 0, 0, 0, 0, 0, 0, 0, 0, 
        0, 0, 0, 0, 0, 0, 0, 0, 0, 0, 0, 0, 0, 0, 0, 0, 0, 0, 
        0.004, 0.008, 0.016, 0.043, 0.082, 0.141, 0.255, 0.345, 
        0.4, 0.412, 0.416, 0.412, 0.384, 0.329, 0.208, 0.118, 
        0.067, 0.031, 0.008, 0.008, 0.004, 0, 0, 0, 0, 0, 0, 
        0, 0, 0, 0, 0, 0, 0, 0, 0, 0,  ],
    [ 0, 0, 0, 0, 0, 0, 0, 0, 0, 0.004, 0.012, 0.008, 0.035, 
        0.098, 0.259, 0.455, 0.655, 0.769, 0.894, 0.941, 0.953, 
        0.965, 0.965, 0.957, 0.945, 0.886, 0.765, 0.647, 0.443, 
        0.239, 0.082, 0.031, 0.012, 0.012, 0.012, 0, 0, 0, 0, 
        0, 0, 0, 0, 0, 0, 0, 0, 0, 0, 0, 0, 0, 0, 0, 0, 0, 0, 
        0, 0, 0, 0.004, 0.008, 0.012, 0.024, 0.071, 0.196, 0.384, 
        0.6, 0.729, 0.843, 0.925, 0.949, 0.961, 0.965, 0.957, 
        0.949, 0.914, 0.8, 0.694, 0.518, 0.306, 0.145, 0.051, 
        0.008, 0.008, 0, 0, 0, 0, 0, 0, 0, 0, 0, 0, 0, 0, 0, 
        0, 0,  ],
    [ 0, 0, 0, 0, 0, 0, 0, 0.004, 0.008, 0.008, 0.024, 0.102, 
        0.337, 0.631, 0.863, 0.973, 1, 1, 1, 1, 0.996, 0.996, 
        0.996, 0.996, 1, 1, 1, 1, 0.969, 0.843, 0.604, 0.314, 
        0.086, 0.02, 0.016, 0.008, 0, 0, 0, 0, 0, 0, 0, 0, 0, 
        0, 0, 0, 0, 0, 0, 0, 0, 0, 0, 0, 0, 0, 0, 0.004, 0.012, 
        0.012, 0.067, 0.247, 0.529, 0.796, 0.949, 1, 1, 1, 1, 
        1, 1, 1, 1, 1, 1, 1, 1, 0.984, 0.906, 0.714, 0.42, 0.157, 
        0.043, 0.004, 0.004, 0, 0, 0, 0, 0, 0, 0, 0, 0, 0, 0, 
        0, 0,  ],
    [ 0, 0, 0, 0, 0.004, 0.008, 0.004, 0.008, 0.004, 0.059, 0.267, 
        0.647, 0.918, 1, 1, 0.996, 0.992, 0.992, 0.988, 0.988, 
        0.988, 0.988, 0.988, 0.988, 0.988, 0.988, 0.988, 0.988, 
        1, 1, 1, 0.906, 0.612, 0.239, 0.051, 0.008, 0.008, 0, 
        0, 0, 0, 0, 0, 0, 0, 0, 0, 0, 0, 0, 0, 0, 0, 0, 0, 0, 
        0, 0, 0.004, 0.012, 0.035, 0.165, 0.522, 0.851, 1, 1, 
        1, 0.992, 0.992, 0.992, 0.992, 0.992, 0.992, 0.992, 0.992, 
        0.992, 0.992, 0.992, 0.988, 0.996, 1, 1, 0.961, 0.745, 
        0.373, 0.082, 0.012, 0.008, 0, 0, 0, 0, 0, 0, 0, 0, 0, 
        0, 0, 0,  ],
    [ 0, 0, 0, 0, 0.016, 0.004, 0.008, 0.008, 0.086, 0.478, 0.871, 
        0.996, 1, 0.988, 0.992, 0.992, 0.988, 0.988, 0.988, 0.988, 
        0.98, 0.976, 0.976, 0.98, 0.992, 0.988, 0.988, 0.988, 
        0.992, 0.988, 0.988, 1, 1, 0.843, 0.424, 0.078, 0.004, 
        0.008, 0, 0, 0, 0, 0, 0, 0, 0, 0, 0, 0, 0, 0, 0, 0, 0, 
        0, 0, 0.004, 0.008, 0.004, 0.055, 0.325, 0.765, 0.996, 
        1, 0.992, 0.992, 0.996, 0.992, 0.988, 0.988, 0.992, 0.984, 
        0.976, 0.976, 0.98, 0.988, 0.996, 0.988, 0.992, 0.996, 
        0.992, 0.988, 1, 1, 0.945, 0.608, 0.173, 0.024, 0.012, 
        0, 0, 0, 0, 0, 0, 0, 0, 0, 0, 0,  ],
    [ 0, 0, 0, 0.004, 0.008, 0.008, 0.012, 0.145, 0.612, 0.984, 
        0.996, 0.984, 0.988, 0.996, 0.988, 0.992, 0.976, 0.937, 
        0.914, 0.835, 0.773, 0.741, 0.741, 0.773, 0.843, 0.914, 
        0.941, 0.98, 0.992, 0.988, 0.992, 0.988, 0.988, 0.996, 
        0.969, 0.569, 0.106, 0.004, 0.008, 0, 0, 0, 0, 0, 0, 
        0, 0, 0, 0, 0, 0, 0, 0, 0, 0, 0.004, 0.012, 0.004, 0.067, 
        0.447, 0.902, 1, 0.992, 0.992, 0.996, 0.992, 0.992, 0.984, 
        0.949, 0.922, 0.859, 0.784, 0.745, 0.737, 0.757, 0.816, 
        0.902, 0.929, 0.965, 0.992, 0.988, 0.996, 0.996, 0.988, 
        1, 0.996, 0.757, 0.247, 0.031, 0.012, 0, 0, 0, 0, 0, 
        0, 0, 0, 0, 0,  ],
    [ 0, 0, 0, 0, 0.012, 0.008, 0.165, 0.706, 1, 0.996, 0.984, 
        0.996, 0.992, 0.988, 0.965, 0.902, 0.729, 0.514, 0.369, 
        0.255, 0.165, 0.133, 0.133, 0.165, 0.263, 0.376, 0.529, 
        0.757, 0.91, 0.969, 0.988, 0.988, 0.992, 0.984, 1, 1, 
        0.639, 0.122, 0.004, 0.004, 0, 0, 0, 0, 0, 0, 0, 0, 0, 
        0, 0, 0, 0, 0, 0.004, 0.008, 0.008, 0.063, 0.518, 0.969, 
        1, 0.988, 0.996, 0.996, 0.992, 0.98, 0.925, 0.796, 0.584, 
        0.412, 0.282, 0.184, 0.137, 0.129, 0.149, 0.227, 0.345, 
        0.455, 0.671, 0.859, 0.949, 0.992, 0.992, 0.996, 0.992, 
        0.984, 0.996, 0.835, 0.298, 0.027, 0.012, 0, 0, 0, 0, 
        0, 0, 0, 0, 0,  ],
    [ 0, 0, 0, 0.008, 0, 0.129, 0.702, 0.996, 0.988, 0.988, 0.992, 
        0.988, 0.984, 0.914, 0.667, 0.353, 0.122, 0.016, 0, 0, 
        0, 0, 0, 0, 0, 0, 0.02, 0.133, 0.373, 0.686, 0.922, 0.988, 
        0.988, 0.996, 0.988, 0.996, 1, 0.651, 0.09, 0, 0.004, 
        0, 0, 0, 0, 0, 0, 0, 0, 0, 0, 0, 0, 0, 0.004, 0.008, 
        0.047, 0.494, 0.988, 1, 0.988, 1, 0.992, 0.992, 0.937, 
        0.757, 0.447, 0.173, 0.039, 0, 0, 0, 0, 0, 0, 0, 0, 0, 
        0.078, 0.267, 0.573, 0.867, 0.969, 0.988, 0.996, 0.996, 
        0.988, 0.996, 0.859, 0.275, 0.016, 0.008, 0, 0, 0, 0, 
        0, 0, 0, 0,  ],
    [ 0, 0, 0.004, 0.004, 0.063, 0.631, 1, 0.984, 0.992, 0.992, 
        0.988, 0.969, 0.792, 0.388, 0.075, 0, 0, 0, 0.012, 0.012, 
        0.012, 0.012, 0.008, 0.008, 0.008, 0.008, 0, 0, 0, 0.086, 
        0.416, 0.831, 0.976, 0.988, 0.992, 0.992, 0.992, 1, 0.576, 
        0.051, 0.012, 0, 0, 0, 0, 0, 0, 0, 0, 0, 0, 0, 0.004, 
        0.004, 0.012, 0.027, 0.396, 0.965, 1, 0.988, 1, 0.992, 
        0.988, 0.882, 0.514, 0.141, 0, 0, 0, 0.008, 0.008, 0.008, 
        0.008, 0.008, 0.008, 0.008, 0.008, 0.004, 0, 0, 0.027, 
        0.282, 0.686, 0.945, 0.992, 0.996, 1, 0.988, 0.996, 0.808, 
        0.184, 0, 0.008, 0, 0, 0, 0, 0, 0, 0,  ],
    [ 0, 0, 0.008, 0.027, 0.471, 1, 0.992, 0.988, 0.992, 0.988, 
        0.965, 0.702, 0.192, 0, 0, 0.012, 0.008, 0.008, 0.004, 
        0.004, 0.004, 0.004, 0.004, 0.004, 0.004, 0.004, 0.004, 
        0.008, 0.008, 0, 0, 0.231, 0.737, 0.973, 0.988, 0.992, 
        0.992, 0.996, 0.988, 0.408, 0.016, 0.012, 0, 0, 0, 0, 
        0, 0, 0, 0, 0, 0, 0.004, 0.012, 0, 0.243, 0.898, 0.996, 
        0.988, 1, 0.988, 0.988, 0.835, 0.337, 0.004, 0, 0.004, 
        0.008, 0.004, 0, 0, 0, 0, 0, 0, 0, 0, 0, 0.004, 0.008, 
        0, 0, 0.094, 0.545, 0.933, 0.992, 0.996, 1, 0.984, 1, 
        0.69, 0.067, 0.012, 0.004, 0, 0, 0, 0, 0, 0,  ],
    [ 0, 0.008, 0, 0.235, 0.902, 0.996, 0.988, 0.996, 0.988, 
        0.973, 0.671, 0.114, 0, 0.008, 0.004, 0, 0, 0.004, 0.004, 
        0.008, 0.012, 0.012, 0.008, 0.004, 0.004, 0, 0, 0, 0, 
        0.008, 0.008, 0, 0.153, 0.718, 0.976, 0.984, 0.992, 0.988, 
        0.996, 0.863, 0.173, 0, 0.004, 0, 0, 0, 0, 0, 0, 0, 0, 
        0, 0.004, 0.004, 0.059, 0.718, 1, 0.984, 1, 0.988, 0.992, 
        0.831, 0.263, 0, 0, 0.008, 0, 0, 0, 0, 0, 0, 0.004, 0.008, 
        0.008, 0.004, 0, 0, 0, 0, 0.004, 0.012, 0, 0.024, 0.494, 
        0.941, 0.992, 0.996, 0.996, 0.992, 0.992, 0.431, 0.016, 
        0.012, 0, 0, 0, 0, 0, 0,  ],
    [ 0, 0.008, 0.035, 0.675, 1, 0.984, 0.996, 0.988, 0.988, 
        0.733, 0.114, 0.004, 0.012, 0, 0, 0, 0.004, 0.008, 0.008, 
        0.012, 0.027, 0.027, 0.016, 0.004, 0.012, 0.004, 0, 0, 
        0, 0, 0, 0.012, 0.004, 0.157, 0.773, 0.992, 0.984, 1, 
        0.98, 1, 0.6, 0.024, 0.008, 0.004, 0, 0, 0, 0, 0, 0, 
        0, 0, 0.012, 0.004, 0.392, 0.996, 0.992, 0.996, 0.992, 
        1, 0.882, 0.282, 0.004, 0.008, 0.004, 0, 0, 0, 0, 0, 
        0.008, 0.008, 0.012, 0.024, 0.024, 0.016, 0, 0.008, 0.004, 
        0, 0, 0, 0.012, 0, 0.016, 0.541, 0.965, 0.988, 1, 0.988, 
        0.996, 0.855, 0.149, 0, 0.008, 0.004, 0, 0, 0, 0,  ],
    [ 0.008, 0, 0.29, 0.965, 0.996, 0.996, 0.988, 1, 0.851, 0.188, 
        0.004, 0.016, 0, 0, 0, 0.004, 0, 0.039, 0.09, 0.196, 
        0.275, 0.275, 0.208, 0.098, 0.047, 0.004, 0.008, 0, 0, 
        0, 0, 0, 0.012, 0, 0.243, 0.886, 1, 0.988, 0.992, 0.992, 
        0.929, 0.224, 0, 0.012, 0, 0, 0, 0, 0, 0, 0, 0.004, 0, 
        0.075, 0.8, 1, 0.988, 1, 0.988, 0.957, 0.4, 0, 0.016, 
        0.004, 0, 0, 0, 0, 0.004, 0.004, 0.031, 0.082, 0.169, 
        0.251, 0.267, 0.212, 0.102, 0.055, 0.008, 0.008, 0, 0, 
        0, 0.012, 0, 0.051, 0.69, 0.992, 0.988, 1, 0.984, 1, 
        0.529, 0.012, 0.016, 0.008, 0, 0, 0, 0,  ],
    [ 0.012, 0.02, 0.647, 1, 0.984, 0.992, 0.988, 0.969, 0.404, 
        0, 0.016, 0.004, 0, 0, 0.008, 0.004, 0.086, 0.357, 0.635, 
        0.808, 0.894, 0.894, 0.82, 0.686, 0.416, 0.114, 0.02, 
        0.008, 0, 0, 0, 0, 0, 0.012, 0, 0.475, 0.976, 0.984, 
        0.992, 0.98, 1, 0.6, 0.012, 0.012, 0, 0, 0, 0, 0, 0, 
        0, 0.012, 0, 0.357, 1, 0.992, 0.996, 0.988, 0.996, 0.667, 
        0.039, 0.012, 0.008, 0, 0, 0, 0, 0.004, 0.004, 0.075, 
        0.314, 0.608, 0.776, 0.863, 0.886, 0.824, 0.694, 0.443, 
        0.141, 0.024, 0.008, 0, 0, 0, 0.012, 0, 0.208, 0.894, 
        1, 0.992, 0.988, 1, 0.863, 0.125, 0, 0.012, 0, 0, 0, 
        0,  ],
    [ 0, 0.173, 0.906, 1, 0.988, 0.984, 1, 0.749, 0.051, 0, 0.008, 
        0.004, 0, 0.004, 0.004, 0.129, 0.62, 0.957, 0.996, 1, 
        1, 1, 1, 1, 0.976, 0.706, 0.22, 0.02, 0.008, 0, 0, 0, 
        0, 0.008, 0, 0.094, 0.8, 1, 0.984, 0.992, 1, 0.886, 0.118, 
        0, 0.008, 0, 0, 0, 0, 0, 0, 0.004, 0.016, 0.682, 1, 0.984, 
        0.992, 0.996, 0.937, 0.239, 0, 0.024, 0.004, 0, 0, 0, 
        0.004, 0, 0.11, 0.561, 0.925, 0.996, 0.996, 1, 1, 1, 
        0.996, 0.98, 0.737, 0.255, 0.024, 0.012, 0, 0, 0, 0.008, 
        0, 0.525, 0.992, 0.984, 1, 0.988, 1, 0.392, 0, 0.012, 
        0, 0, 0, 0,  ],
    [ 0, 0.416, 1, 0.988, 0.996, 0.984, 0.98, 0.376, 0, 0.012, 
        0.004, 0.004, 0.004, 0, 0.098, 0.698, 0.996, 0.996, 0.984, 
        0.992, 0.992, 0.992, 0.992, 0.988, 1, 0.996, 0.812, 0.204, 
        0.004, 0.004, 0, 0, 0, 0, 0.012, 0, 0.451, 0.988, 0.984, 
        0.996, 0.988, 1, 0.353, 0, 0.016, 0, 0, 0, 0, 0, 0.004, 
        0, 0.137, 0.918, 1, 0.996, 0.988, 1, 0.667, 0.012, 0.012, 
        0.012, 0.004, 0, 0, 0, 0, 0.075, 0.639, 1, 1, 0.98, 0.984, 
        0.988, 0.988, 0.988, 0.984, 0.988, 0.996, 0.855, 0.243, 
        0.004, 0.008, 0, 0, 0.008, 0, 0.169, 0.906, 0.996, 0.996, 
        0.984, 1, 0.667, 0.012, 0.008, 0, 0, 0, 0,  ],
    [ 0.008, 0.635, 1, 0.984, 0.992, 1, 0.855, 0.114, 0, 0.008, 
        0.004, 0, 0.012, 0.024, 0.557, 1, 0.98, 0.984, 0.996, 
        0.992, 1, 1, 0.992, 1, 0.992, 0.984, 1, 0.714, 0.059, 
        0, 0.004, 0, 0, 0, 0.008, 0, 0.161, 0.898, 1, 0.992, 
        0.984, 1, 0.584, 0.004, 0.012, 0, 0, 0, 0, 0, 0.008, 
        0, 0.322, 1, 0.988, 0.996, 0.988, 0.988, 0.361, 0, 0.024, 
        0.004, 0, 0, 0, 0.012, 0.016, 0.478, 1, 0.988, 0.988, 
        0.992, 0.988, 0.992, 0.996, 0.988, 0.996, 0.992, 0.98, 
        0.996, 0.776, 0.086, 0, 0.004, 0, 0, 0.004, 0.008, 0.651, 
        1, 0.988, 0.992, 1, 0.851, 0.106, 0, 0.004, 0, 0, 0, 
         ],
    [ 0.067, 0.824, 1, 0.984, 0.984, 1, 0.651, 0, 0.004, 0.004, 
        0.004, 0.008, 0, 0.208, 0.933, 0.996, 0.984, 0.996, 0.992, 
        0.969, 0.91, 0.898, 0.957, 1, 1, 0.996, 0.992, 0.992, 
        0.349, 0, 0.012, 0, 0, 0, 0, 0.004, 0.012, 0.714, 1, 
        0.984, 0.988, 1, 0.788, 0.031, 0, 0.004, 0, 0, 0, 0, 
        0.012, 0, 0.549, 1, 0.984, 0.992, 1, 0.906, 0.141, 0, 
        0.016, 0, 0, 0, 0.004, 0, 0.149, 0.871, 0.996, 0.984, 
        0.992, 0.988, 0.976, 0.914, 0.898, 0.949, 0.996, 0.996, 
        0.992, 0.984, 1, 0.427, 0, 0.012, 0, 0, 0.012, 0, 0.396, 
        0.996, 0.984, 0.996, 0.996, 0.976, 0.255, 0, 0.008, 0, 
        0, 0,  ],
    [ 0.137, 0.918, 1, 0.988, 0.98, 1, 0.455, 0, 0.012, 0.004, 
        0.004, 0.012, 0, 0.49, 1, 0.98, 0.996, 0.988, 0.984, 
        0.69, 0.361, 0.337, 0.612, 0.961, 0.992, 0.992, 0.984, 
        1, 0.659, 0.008, 0.012, 0, 0, 0, 0, 0.012, 0, 0.533, 
        1, 0.976, 0.988, 1, 0.914, 0.09, 0, 0.004, 0.004, 0.004, 
        0, 0, 0.008, 0, 0.706, 1, 0.984, 0.988, 1, 0.753, 0.039, 
        0.004, 0.008, 0, 0, 0, 0.012, 0, 0.392, 1, 0.984, 0.988, 
        0.98, 0.992, 0.745, 0.388, 0.341, 0.584, 0.957, 0.992, 
        0.996, 0.984, 1, 0.741, 0.02, 0.008, 0, 0, 0.008, 0, 
        0.231, 0.953, 0.992, 0.996, 0.984, 1, 0.369, 0, 0.012, 
        0, 0, 0,  ],
    [ 0.224, 0.953, 0.992, 0.992, 0.988, 0.984, 0.29, 0, 0.012, 
        0, 0, 0.004, 0.004, 0.682, 1, 0.984, 0.988, 1, 0.867, 
        0.125, 0.004, 0.004, 0.051, 0.71, 1, 0.98, 0.988, 1, 
        0.812, 0.071, 0, 0.004, 0, 0, 0, 0.012, 0, 0.373, 0.973, 
        0.969, 0.969, 0.969, 0.945, 0.165, 0, 0.012, 0.012, 0.035, 
        0.012, 0.004, 0, 0.016, 0.773, 1, 0.988, 0.984, 1, 0.604, 
        0, 0.012, 0, 0, 0, 0, 0.008, 0, 0.584, 0.976, 0.969, 
        0.969, 0.976, 0.898, 0.184, 0.004, 0.004, 0.027, 0.667, 
        1, 0.984, 0.988, 1, 0.882, 0.129, 0, 0.008, 0, 0.008, 
        0, 0.106, 0.863, 1, 0.992, 0.984, 1, 0.455, 0, 0.012, 
        0, 0, 0,  ],
    [ 0.29, 0.976, 0.988, 0.992, 0.992, 0.969, 0.231, 0, 0.008, 
        0, 0, 0, 0.027, 0.769, 1, 0.984, 0.984, 1, 0.706, 0, 
        0.024, 0.024, 0, 0.486, 1, 0.98, 0.992, 1, 0.875, 0.125, 
        0, 0.012, 0.008, 0.004, 0.004, 0.012, 0, 0.204, 0.702, 
        0.694, 0.694, 0.694, 0.682, 0.165, 0, 0.02, 0.012, 0.024, 
        0.012, 0.012, 0, 0.051, 0.816, 1, 0.988, 0.984, 1, 0.525, 
        0, 0.016, 0.004, 0.004, 0.004, 0.008, 0.008, 0.012, 0.486, 
        0.722, 0.686, 0.69, 0.725, 0.545, 0, 0.012, 0.027, 0, 
        0.427, 1, 0.984, 0.988, 1, 0.945, 0.184, 0, 0.008, 0, 
        0.004, 0, 0.051, 0.816, 1, 0.992, 0.984, 1, 0.533, 0, 
        0.008, 0, 0, 0,  ],
    [ 0.314, 0.984, 0.988, 0.992, 0.992, 0.961, 0.22, 0, 0.008, 
        0, 0, 0, 0.012, 0.71, 1, 0.984, 0.984, 1, 0.82, 0.086, 
        0.02, 0.016, 0, 0.471, 1, 0.98, 0.992, 1, 0.894, 0.141, 
        0, 0.012, 0.016, 0.016, 0.016, 0.016, 0.016, 0.024, 0.078, 
        0.075, 0.075, 0.075, 0.078, 0.024, 0.016, 0.016, 0.016, 
        0.016, 0.016, 0.012, 0, 0.063, 0.827, 1, 0.992, 0.984, 
        1, 0.498, 0, 0.016, 0.016, 0.016, 0.016, 0.016, 0.016, 
        0.016, 0.059, 0.082, 0.082, 0.082, 0.086, 0.063, 0.016, 
        0.016, 0.012, 0.055, 0.588, 1, 0.984, 0.988, 1, 0.902, 
        0.141, 0, 0.008, 0, 0.004, 0, 0.047, 0.804, 1, 0.992, 
        0.984, 1, 0.549, 0, 0.008, 0, 0, 0,  ],
    [ 0.278, 0.973, 0.988, 0.992, 0.992, 0.973, 0.243, 0, 0.008, 
        0, 0, 0.008, 0, 0.522, 1, 0.98, 0.992, 1, 1, 0.604, 0.235, 
        0.082, 0, 0.471, 1, 0.976, 0.992, 1, 0.89, 0.137, 0, 
        0.165, 0.208, 0.2, 0.204, 0.204, 0.204, 0.204, 0.192, 
        0.192, 0.192, 0.192, 0.192, 0.204, 0.204, 0.204, 0.204, 
        0.2, 0.208, 0.173, 0, 0.063, 0.831, 1, 0.992, 0.984, 
        1, 0.498, 0, 0.078, 0.208, 0.204, 0.204, 0.204, 0.204, 
        0.204, 0.196, 0.192, 0.196, 0.196, 0.192, 0.2, 0.204, 
        0.196, 0.196, 0.443, 0.925, 1, 0.992, 0.984, 1, 0.761, 
        0.039, 0, 0.004, 0, 0.004, 0, 0.059, 0.824, 1, 0.988, 
        0.988, 1, 0.514, 0, 0.008, 0, 0, 0,  ],
    [ 0.208, 0.949, 0.992, 0.992, 0.988, 0.988, 0.329, 0, 0.012, 
        0, 0, 0.012, 0, 0.255, 0.957, 0.988, 0.988, 0.992, 1, 
        0.992, 0.878, 0.294, 0, 0.478, 1, 0.976, 0.992, 1, 0.902, 
        0.133, 0.012, 0.659, 0.831, 0.8, 0.812, 0.812, 0.816, 
        0.816, 0.82, 0.82, 0.82, 0.82, 0.82, 0.816, 0.816, 0.816, 
        0.816, 0.808, 0.831, 0.686, 0.004, 0.059, 0.831, 1, 0.992, 
        0.984, 1, 0.498, 0, 0.267, 0.82, 0.812, 0.816, 0.816, 
        0.816, 0.816, 0.82, 0.82, 0.82, 0.82, 0.82, 0.82, 0.812, 
        0.804, 0.812, 0.961, 1, 0.988, 0.992, 0.984, 0.988, 0.498, 
        0, 0.012, 0, 0, 0.008, 0, 0.125, 0.878, 1, 0.992, 0.988, 
        1, 0.443, 0, 0.012, 0, 0, 0,  ],
    [ 0.125, 0.906, 1, 0.992, 0.984, 1, 0.51, 0, 0.012, 0, 0, 
        0, 0.004, 0.02, 0.643, 0.98, 0.976, 0.988, 0.992, 0.984, 
        1, 0.357, 0, 0.478, 1, 0.976, 0.992, 1, 0.906, 0.133, 
        0.02, 0.8, 1, 0.996, 0.996, 1, 1, 1, 1, 1, 1, 1, 1, 1, 
        1, 1, 1, 0.996, 1, 0.839, 0.008, 0.059, 0.831, 1, 0.992, 
        0.984, 1, 0.502, 0, 0.318, 1, 0.996, 1, 1, 1, 1, 1, 1, 
        1, 1, 1, 1, 1, 1, 1, 1, 0.992, 0.996, 0.984, 1, 0.839, 
        0.137, 0, 0.008, 0, 0, 0.008, 0, 0.267, 0.969, 0.992, 
        0.996, 0.984, 0.996, 0.349, 0, 0.012, 0, 0, 0,  ],
    [ 0.059, 0.804, 1, 0.984, 0.98, 1, 0.698, 0.02, 0.004, 0, 
        0, 0, 0.008, 0, 0.161, 0.78, 0.973, 0.98, 0.988, 0.984, 
        1, 0.345, 0, 0.478, 1, 0.976, 0.992, 1, 0.906, 0.137, 
        0.016, 0.773, 1, 0.976, 0.984, 0.988, 0.988, 0.992, 0.992, 
        0.992, 0.992, 0.992, 0.992, 0.992, 0.992, 0.992, 0.992, 
        0.984, 1, 0.816, 0.004, 0.059, 0.831, 1, 0.992, 0.984, 
        1, 0.502, 0, 0.31, 0.988, 0.984, 0.992, 0.992, 0.992, 
        0.992, 0.992, 0.992, 0.992, 0.992, 0.992, 0.992, 0.992, 
        0.992, 0.992, 0.996, 0.996, 0.988, 0.988, 0.906, 0.345, 
        0, 0.008, 0, 0, 0, 0.012, 0, 0.455, 1, 0.98, 1, 0.996, 
        0.957, 0.227, 0, 0.008, 0, 0, 0,  ],
    [ 0, 0.604, 1, 0.98, 0.988, 0.996, 0.886, 0.165, 0, 0.004, 
        0, 0, 0, 0.008, 0, 0.216, 0.718, 0.929, 0.976, 0.976, 
        1, 0.349, 0, 0.478, 1, 0.976, 0.992, 1, 0.906, 0.137, 
        0.016, 0.78, 1, 0.98, 0.988, 0.992, 0.992, 0.996, 0.996, 
        0.996, 0.996, 0.996, 0.996, 0.996, 0.996, 0.996, 0.996, 
        0.988, 1, 0.816, 0.004, 0.059, 0.831, 1, 0.992, 0.984, 
        1, 0.502, 0, 0.31, 0.992, 0.988, 0.996, 0.996, 0.996, 
        0.996, 0.996, 0.996, 0.996, 0.996, 0.996, 0.996, 0.996, 
        0.996, 0.996, 0.992, 0.984, 0.949, 0.824, 0.369, 0.012, 
        0.004, 0, 0, 0, 0, 0.004, 0.027, 0.71, 1, 0.984, 0.992, 
        1, 0.812, 0.075, 0, 0.004, 0, 0, 0,  ],
    [ 0, 0.373, 0.984, 0.984, 0.996, 0.984, 1, 0.451, 0.008, 
        0.008, 0, 0, 0, 0, 0.008, 0, 0.125, 0.471, 0.737, 0.859, 
        0.91, 0.322, 0, 0.478, 1, 0.98, 0.992, 1, 0.906, 0.137, 
        0.016, 0.725, 0.918, 0.898, 0.906, 0.91, 0.91, 0.91, 
        0.91, 0.91, 0.91, 0.91, 0.91, 0.91, 0.91, 0.91, 0.91, 
        0.902, 0.918, 0.761, 0.008, 0.059, 0.831, 1, 0.992, 0.984, 
        1, 0.502, 0, 0.294, 0.918, 0.906, 0.91, 0.91, 0.91, 0.91, 
        0.91, 0.91, 0.91, 0.91, 0.91, 0.91, 0.91, 0.91, 0.902, 
        0.882, 0.8, 0.573, 0.227, 0, 0.004, 0.004, 0, 0, 0, 0.008, 
        0, 0.243, 0.937, 0.996, 0.992, 0.988, 1, 0.616, 0, 0.004, 
        0, 0, 0, 0,  ],
    [ 0, 0.137, 0.867, 1, 0.988, 0.984, 0.996, 0.808, 0.114, 
        0, 0.004, 0, 0, 0, 0, 0.008, 0, 0, 0.141, 0.29, 0.349, 
        0.137, 0, 0.471, 1, 0.98, 0.992, 1, 0.906, 0.141, 0, 
        0.314, 0.404, 0.384, 0.388, 0.388, 0.388, 0.388, 0.392, 
        0.392, 0.392, 0.392, 0.392, 0.388, 0.388, 0.388, 0.388, 
        0.384, 0.4, 0.329, 0, 0.059, 0.827, 1, 0.992, 0.984, 
        1, 0.498, 0, 0.133, 0.396, 0.384, 0.388, 0.388, 0.388, 
        0.388, 0.388, 0.392, 0.392, 0.392, 0.392, 0.392, 0.388, 
        0.396, 0.369, 0.31, 0.2, 0.031, 0, 0.004, 0.004, 0, 0, 
        0, 0, 0.012, 0.035, 0.616, 1, 0.98, 1, 0.988, 0.976, 
        0.333, 0, 0.012, 0, 0, 0, 0,  ],
    [ 0.008, 0, 0.592, 0.996, 0.98, 0.996, 0.984, 1, 0.51, 0.031, 
        0.012, 0, 0, 0, 0, 0, 0.008, 0.004, 0, 0, 0, 0.008, 0, 
        0.467, 1, 0.98, 0.992, 1, 0.902, 0.149, 0, 0.004, 0, 
        0, 0, 0.004, 0, 0.016, 0.063, 0.063, 0.063, 0.063, 0.063, 
        0.016, 0, 0, 0, 0, 0, 0.004, 0, 0.059, 0.824, 1, 0.992, 
        0.984, 1, 0.494, 0, 0.012, 0, 0, 0, 0, 0, 0, 0.047, 0.071, 
        0.067, 0.067, 0.071, 0.051, 0, 0, 0, 0, 0, 0, 0.008, 
        0, 0, 0, 0, 0, 0.012, 0.008, 0.298, 0.933, 0.996, 0.992, 
        0.992, 1, 0.784, 0.086, 0, 0.004, 0, 0, 0, 0,  ],
    [ 0.012, 0, 0.239, 0.918, 0.988, 0.992, 0.988, 0.996, 0.914, 
        0.282, 0.016, 0.012, 0, 0, 0, 0, 0, 0, 0.008, 0.008, 
        0.012, 0.016, 0, 0.467, 1, 0.98, 0.992, 1, 0.902, 0.149, 
        0, 0.016, 0.012, 0.012, 0.012, 0.016, 0, 0.118, 0.498, 
        0.49, 0.49, 0.49, 0.486, 0.129, 0, 0.012, 0.012, 0.012, 
        0.012, 0.016, 0, 0.063, 0.827, 1, 0.992, 0.984, 1, 0.494, 
        0, 0.016, 0.008, 0.008, 0.008, 0.008, 0.008, 0.012, 0.369, 
        0.533, 0.51, 0.51, 0.537, 0.388, 0, 0.012, 0.012, 0.012, 
        0.008, 0.004, 0, 0, 0, 0, 0, 0.008, 0, 0.133, 0.773, 
        0.996, 0.984, 1, 0.988, 0.976, 0.424, 0, 0.008, 0, 0, 
        0, 0, 0,  ],
    [ 0.004, 0.004, 0.016, 0.584, 0.988, 0.984, 0.996, 0.984, 
        0.996, 0.796, 0.188, 0.016, 0.012, 0, 0, 0, 0, 0, 0, 
        0, 0, 0.012, 0, 0.467, 1, 0.976, 0.992, 1, 0.902, 0.145, 
        0, 0.012, 0.004, 0.004, 0.004, 0.016, 0, 0.231, 0.984, 
        0.988, 0.988, 0.996, 0.976, 0.243, 0, 0.016, 0.004, 0.004, 
        0.004, 0.008, 0, 0.067, 0.827, 1, 0.992, 0.984, 1, 0.494, 
        0, 0.016, 0, 0, 0, 0, 0.004, 0.016, 0.706, 1, 0.976, 
        0.98, 1, 0.749, 0, 0.008, 0.008, 0.004, 0, 0, 0, 0, 0, 
        0, 0.008, 0.004, 0.082, 0.635, 1, 0.98, 0.996, 0.992, 
        1, 0.776, 0.098, 0, 0.004, 0, 0, 0, 0, 0,  ],
    [ 0, 0.012, 0, 0.165, 0.839, 1, 0.984, 0.992, 0.984, 0.996, 
        0.757, 0.208, 0.031, 0.012, 0.008, 0, 0, 0, 0, 0, 0, 
        0.012, 0, 0.467, 1, 0.976, 0.988, 1, 0.898, 0.145, 0, 
        0.012, 0.004, 0.004, 0.004, 0.016, 0, 0.231, 0.984, 0.996, 
        0.996, 1, 0.98, 0.247, 0, 0.012, 0, 0, 0, 0.008, 0, 0.063, 
        0.824, 1, 0.988, 0.98, 1, 0.494, 0, 0.016, 0, 0, 0, 0, 
        0.004, 0.012, 0.694, 1, 0.984, 0.984, 1, 0.745, 0, 0.008, 
        0.004, 0.004, 0.004, 0, 0, 0, 0.004, 0.012, 0.012, 0.106, 
        0.596, 0.992, 0.988, 0.988, 0.992, 0.988, 0.945, 0.341, 
        0, 0.008, 0, 0, 0, 0, 0, 0,  ],
    [ 0, 0, 0.008, 0, 0.38, 0.945, 0.988, 0.992, 0.992, 0.984, 
        1, 0.788, 0.294, 0.067, 0.008, 0.012, 0.008, 0, 0, 0, 
        0, 0.012, 0, 0.467, 0.976, 0.969, 0.969, 0.973, 0.886, 
        0.141, 0, 0.008, 0, 0, 0, 0.012, 0, 0.231, 0.98, 0.992, 
        0.992, 0.996, 0.976, 0.247, 0, 0.008, 0, 0, 0, 0.008, 
        0, 0.063, 0.82, 0.973, 0.969, 0.965, 0.976, 0.49, 0, 
        0.016, 0, 0, 0, 0, 0.004, 0.012, 0.69, 1, 0.988, 0.988, 
        1, 0.749, 0, 0.008, 0.008, 0.004, 0.004, 0.004, 0.008, 
        0.012, 0.004, 0.047, 0.192, 0.659, 0.996, 0.992, 0.984, 
        0.996, 0.984, 0.969, 0.561, 0.012, 0, 0.004, 0, 0, 0, 
        0, 0, 0,  ],
    [ 0, 0, 0.004, 0, 0.02, 0.553, 0.957, 0.984, 0.992, 0.996, 
        0.988, 1, 0.89, 0.51, 0.165, 0.059, 0.016, 0.008, 0.008, 
        0.012, 0.008, 0.012, 0, 0.329, 0.729, 0.678, 0.682, 0.702, 
        0.624, 0.102, 0, 0.012, 0.004, 0.004, 0.004, 0.012, 0, 
        0.231, 0.984, 0.996, 0.996, 1, 0.98, 0.247, 0, 0.012, 
        0.004, 0.004, 0.004, 0.008, 0, 0.047, 0.576, 0.706, 0.678, 
        0.675, 0.722, 0.345, 0, 0.012, 0.004, 0.004, 0.004, 0.008, 
        0.004, 0.012, 0.694, 1, 0.988, 0.988, 1, 0.749, 0, 0.008, 
        0.008, 0.012, 0.012, 0.008, 0.012, 0.043, 0.114, 0.4, 
        0.804, 1, 0.996, 0.992, 0.996, 0.988, 0.976, 0.71, 0.098, 
        0, 0.008, 0, 0, 0, 0, 0, 0, 0,  ],
    [ 0, 0, 0, 0.008, 0, 0.059, 0.616, 0.953, 0.988, 0.992, 0.996, 
        0.988, 1, 0.984, 0.769, 0.463, 0.22, 0.102, 0.059, 0.035, 
        0.027, 0.024, 0.024, 0.051, 0.102, 0.098, 0.098, 0.102, 
        0.09, 0.027, 0.024, 0.024, 0.024, 0.024, 0.02, 0.012, 
        0, 0.231, 0.984, 0.996, 0.992, 1, 0.98, 0.247, 0, 0.016, 
        0.024, 0.02, 0.024, 0.02, 0.024, 0.024, 0.086, 0.098, 
        0.094, 0.094, 0.106, 0.051, 0.024, 0.02, 0.024, 0.02, 
        0.024, 0.02, 0.008, 0.012, 0.69, 1, 0.988, 0.988, 1, 
        0.749, 0, 0.012, 0.024, 0.035, 0.051, 0.086, 0.173, 0.388, 
        0.686, 0.953, 1, 0.992, 0.996, 0.996, 0.988, 0.976, 0.761, 
        0.169, 0, 0.008, 0, 0, 0, 0, 0, 0, 0, 0,  ],
    [ 0, 0, 0, 0, 0.008, 0.004, 0.078, 0.612, 0.941, 0.988, 0.988, 
        0.996, 0.988, 0.992, 1, 0.984, 0.831, 0.659, 0.467, 0.333, 
        0.29, 0.255, 0.251, 0.235, 0.224, 0.224, 0.224, 0.224, 
        0.224, 0.239, 0.243, 0.243, 0.243, 0.255, 0.204, 0.024, 
        0, 0.231, 0.984, 0.996, 0.992, 1, 0.98, 0.247, 0, 0.153, 
        0.255, 0.239, 0.243, 0.239, 0.243, 0.247, 0.227, 0.227, 
        0.231, 0.231, 0.231, 0.235, 0.243, 0.243, 0.243, 0.239, 
        0.247, 0.231, 0.051, 0.004, 0.694, 1, 0.988, 0.988, 1, 
        0.749, 0, 0.035, 0.259, 0.329, 0.42, 0.612, 0.78, 0.953, 
        1, 1, 0.992, 1, 0.992, 0.988, 0.965, 0.737, 0.18, 0.004, 
        0.012, 0, 0, 0, 0, 0, 0, 0, 0, 0,  ],
    [ 0, 0, 0, 0, 0, 0.012, 0, 0.063, 0.529, 0.914, 0.984, 0.988, 
        0.992, 0.992, 0.988, 0.996, 1, 0.996, 0.984, 0.945, 0.894, 
        0.859, 0.851, 0.847, 0.851, 0.851, 0.851, 0.851, 0.851, 
        0.843, 0.843, 0.843, 0.835, 0.875, 0.706, 0.051, 0, 0.235, 
        0.984, 0.996, 0.992, 1, 0.98, 0.259, 0, 0.502, 0.886, 
        0.839, 0.847, 0.843, 0.847, 0.851, 0.851, 0.855, 0.859, 
        0.859, 0.859, 0.851, 0.843, 0.847, 0.847, 0.843, 0.851, 
        0.804, 0.169, 0, 0.706, 1, 0.988, 0.988, 1, 0.753, 0, 
        0.106, 0.812, 0.945, 0.969, 1, 1, 1, 0.992, 0.996, 0.996, 
        0.988, 0.996, 0.933, 0.659, 0.153, 0, 0.012, 0, 0, 0, 
        0, 0, 0, 0, 0, 0, 0,  ],
    [ 0, 0, 0, 0, 0, 0, 0.008, 0, 0.024, 0.373, 0.792, 0.945, 
        0.988, 0.988, 0.992, 0.992, 0.988, 0.984, 1, 1, 1, 1, 
        1, 1, 1, 1, 1, 1, 1, 1, 1, 0.996, 0.996, 1, 0.839, 0.063, 
        0, 0.235, 0.984, 0.996, 0.992, 1, 0.98, 0.263, 0, 0.592, 
        1, 0.996, 1, 1, 1, 1, 1, 1, 1, 1, 1, 1, 1, 1, 1, 1, 1, 
        0.961, 0.208, 0, 0.706, 1, 0.988, 0.988, 1, 0.753, 0, 
        0.125, 0.925, 1, 0.996, 0.996, 0.992, 0.996, 0.996, 0.992, 
        0.996, 0.961, 0.863, 0.49, 0.075, 0, 0.012, 0, 0, 0, 
        0, 0, 0, 0, 0, 0, 0, 0,  ],
    [ 0, 0, 0, 0, 0, 0, 0, 0.008, 0, 0, 0.176, 0.545, 0.839, 
        0.945, 0.984, 0.988, 0.988, 0.988, 0.988, 0.988, 0.988, 
        0.988, 0.992, 0.992, 0.992, 0.992, 0.992, 0.992, 0.992, 
        0.992, 0.988, 0.984, 0.976, 1, 0.816, 0.063, 0, 0.235, 
        0.984, 0.996, 0.992, 1, 0.98, 0.263, 0, 0.576, 1, 0.976, 
        0.992, 0.992, 0.992, 0.992, 0.992, 0.992, 0.992, 0.992, 
        0.992, 0.992, 0.992, 0.992, 0.992, 0.988, 0.996, 0.933, 
        0.196, 0, 0.71, 1, 0.988, 0.988, 1, 0.753, 0, 0.122, 
        0.902, 1, 0.988, 0.992, 0.992, 0.992, 0.988, 0.957, 0.89, 
        0.635, 0.259, 0, 0, 0.008, 0, 0, 0, 0, 0, 0, 0, 0, 0, 
        0, 0, 0,  ],
    [ 0, 0, 0, 0, 0, 0, 0, 0, 0.004, 0.008, 0, 0.012, 0.231, 
        0.541, 0.784, 0.914, 0.945, 0.976, 0.988, 0.992, 1, 1, 
        1, 1, 1, 1, 1, 1, 1, 1, 0.996, 0.992, 0.984, 1, 0.824, 
        0.063, 0, 0.235, 0.984, 0.996, 0.992, 1, 0.98, 0.263, 
        0, 0.58, 1, 0.984, 0.996, 1, 1, 1, 1, 1, 1, 1, 1, 1, 
        1, 1, 1, 0.996, 1, 0.941, 0.2, 0, 0.71, 1, 0.988, 0.988, 
        1, 0.753, 0, 0.122, 0.914, 1, 0.988, 0.98, 0.953, 0.918, 
        0.816, 0.616, 0.302, 0.051, 0, 0, 0.008, 0, 0, 0, 0, 
        0, 0, 0, 0, 0, 0, 0, 0, 0,  ],
    [ 0, 0, 0, 0, 0, 0, 0, 0, 0, 0, 0.008, 0, 0, 0.004, 0.157, 
        0.373, 0.541, 0.722, 0.812, 0.855, 0.894, 0.91, 0.91, 
        0.91, 0.914, 0.914, 0.914, 0.914, 0.914, 0.91, 0.91, 
        0.906, 0.902, 0.914, 0.753, 0.059, 0, 0.235, 0.984, 0.996, 
        0.992, 1, 0.98, 0.263, 0, 0.529, 0.914, 0.902, 0.91, 
        0.91, 0.91, 0.91, 0.914, 0.914, 0.914, 0.914, 0.914, 
        0.914, 0.91, 0.91, 0.91, 0.91, 0.914, 0.863, 0.184, 0, 
        0.714, 1, 0.988, 0.988, 1, 0.753, 0, 0.114, 0.816, 0.89, 
        0.82, 0.757, 0.6, 0.408, 0.2, 0.031, 0, 0, 0.008, 0.004, 
        0, 0, 0, 0, 0, 0, 0, 0, 0, 0, 0, 0, 0, 0,  ],
    [ 0, 0, 0, 0, 0, 0, 0, 0, 0, 0, 0, 0.004, 0.008, 0, 0, 0, 
        0.02, 0.082, 0.161, 0.259, 0.325, 0.365, 0.365, 0.369, 
        0.369, 0.369, 0.369, 0.369, 0.369, 0.369, 0.365, 0.365, 
        0.361, 0.376, 0.302, 0.027, 0, 0.231, 0.984, 0.996, 0.992, 
        1, 0.98, 0.255, 0, 0.22, 0.388, 0.365, 0.369, 0.369, 
        0.369, 0.369, 0.373, 0.373, 0.373, 0.373, 0.373, 0.369, 
        0.365, 0.365, 0.365, 0.365, 0.369, 0.349, 0.075, 0.004, 
        0.706, 1, 0.988, 0.988, 1, 0.749, 0, 0.051, 0.302, 0.29, 
        0.192, 0.102, 0.035, 0, 0, 0, 0.008, 0.004, 0, 0, 0, 
        0, 0, 0, 0, 0, 0, 0, 0, 0, 0, 0, 0, 0,  ],
    [ 0, 0, 0, 0, 0, 0, 0, 0, 0, 0, 0, 0, 0, 0.004, 0.008, 0.008, 
        0, 0, 0, 0, 0, 0, 0, 0.035, 0.075, 0.071, 0.071, 0.075, 
        0.063, 0.012, 0, 0, 0, 0, 0, 0.012, 0, 0.231, 0.984, 
        0.996, 0.992, 1, 0.98, 0.247, 0, 0, 0, 0, 0, 0, 0, 0.004, 
        0.063, 0.075, 0.071, 0.071, 0.075, 0.035, 0, 0.004, 0, 
        0, 0, 0, 0, 0.016, 0.702, 1, 0.984, 0.988, 1, 0.749, 
        0, 0, 0, 0, 0, 0, 0, 0.008, 0.008, 0.004, 0, 0, 0, 0, 
        0, 0, 0, 0, 0, 0, 0, 0, 0, 0, 0, 0, 0, 0,  ],
    [ 0, 0, 0, 0, 0, 0, 0, 0, 0, 0, 0, 0, 0, 0, 0, 0, 0.004, 
        0.008, 0.008, 0.008, 0.008, 0.012, 0, 0.259, 0.553, 0.537, 
        0.541, 0.553, 0.486, 0.078, 0, 0.012, 0.008, 0.008, 0.008, 
        0.012, 0, 0.231, 0.984, 0.996, 0.992, 1, 0.98, 0.247, 
        0, 0.012, 0.008, 0.008, 0.008, 0.012, 0, 0.039, 0.459, 
        0.549, 0.533, 0.529, 0.565, 0.278, 0, 0.016, 0.008, 0.008, 
        0.008, 0.008, 0.004, 0.012, 0.702, 1, 0.984, 0.988, 1, 
        0.749, 0, 0.004, 0.008, 0.008, 0.008, 0.008, 0.004, 0, 
        0, 0, 0, 0, 0, 0, 0, 0, 0, 0, 0, 0, 0, 0, 0, 0, 0, 0, 
        0, 0,  ],
    [ 0, 0, 0, 0, 0, 0, 0, 0, 0, 0, 0, 0, 0, 0, 0, 0, 0, 0, 0, 
        0, 0, 0.012, 0, 0.475, 1, 0.988, 0.992, 1, 0.898, 0.141, 
        0, 0.008, 0, 0, 0, 0.012, 0, 0.231, 0.984, 0.996, 0.996, 
        1, 0.98, 0.247, 0, 0.008, 0, 0, 0, 0.004, 0, 0.063, 0.831, 
        1, 0.992, 0.984, 1, 0.502, 0, 0.016, 0, 0, 0, 0, 0.004, 
        0.012, 0.702, 1, 0.984, 0.988, 1, 0.749, 0, 0.004, 0, 
        0, 0, 0, 0, 0.004, 0.004, 0, 0, 0, 0, 0, 0, 0, 0, 0, 
        0, 0, 0, 0, 0, 0, 0, 0, 0, 0,  ],
    [ 0, 0, 0, 0, 0, 0, 0, 0, 0, 0, 0, 0, 0, 0, 0, 0, 0, 0, 0, 
        0, 0, 0.012, 0, 0.463, 1, 0.984, 0.992, 1, 0.902, 0.145, 
        0, 0.008, 0, 0, 0, 0.012, 0, 0.231, 0.98, 0.988, 0.988, 
        0.992, 0.976, 0.243, 0, 0.008, 0, 0, 0, 0.004, 0, 0.063, 
        0.827, 1, 0.992, 0.984, 1, 0.498, 0, 0.016, 0, 0.004, 
        0.004, 0.004, 0.004, 0.012, 0.698, 1, 0.984, 0.984, 1, 
        0.745, 0, 0.008, 0.004, 0.004, 0, 0, 0, 0, 0, 0, 0, 0, 
        0, 0, 0, 0, 0, 0, 0, 0, 0, 0, 0, 0, 0, 0, 0, 0,  ],
    [ 0, 0, 0, 0, 0, 0, 0, 0, 0, 0, 0, 0, 0, 0, 0, 0, 0, 0, 0, 
        0, 0, 0.012, 0, 0.467, 1, 0.984, 0.992, 1, 0.906, 0.149, 
        0, 0.008, 0, 0, 0, 0.012, 0, 0.239, 0.973, 0.973, 0.973, 
        0.973, 0.973, 0.247, 0, 0.008, 0, 0, 0, 0.004, 0, 0.063, 
        0.827, 1, 0.992, 0.984, 1, 0.498, 0, 0.016, 0, 0, 0.004, 
        0.004, 0.008, 0.016, 0.706, 0.976, 0.973, 0.973, 0.976, 
        0.749, 0, 0.008, 0.008, 0.004, 0, 0, 0, 0, 0, 0, 0, 0, 
        0, 0, 0, 0, 0, 0, 0, 0, 0, 0, 0, 0, 0, 0, 0, 0,  ],
    [ 0, 0, 0, 0, 0, 0, 0, 0, 0, 0, 0, 0, 0, 0, 0, 0, 0, 0, 0, 
        0.004, 0.004, 0.016, 0, 0.467, 1, 0.984, 0.992, 1, 0.906, 
        0.149, 0, 0.012, 0.004, 0.004, 0.004, 0.012, 0, 0.176, 
        0.71, 0.71, 0.706, 0.714, 0.702, 0.18, 0, 0.012, 0.004, 
        0.004, 0.004, 0.012, 0, 0.063, 0.827, 1, 0.992, 0.984, 
        1, 0.498, 0, 0.016, 0.004, 0.008, 0.008, 0.008, 0.008, 
        0.012, 0.51, 0.741, 0.702, 0.702, 0.741, 0.545, 0, 0.012, 
        0.012, 0.008, 0.004, 0, 0, 0, 0, 0, 0, 0, 0, 0, 0, 0, 
        0, 0, 0, 0, 0, 0, 0, 0, 0, 0, 0, 0,  ],
    [ 0, 0, 0, 0, 0, 0, 0, 0, 0, 0, 0, 0, 0, 0, 0, 0.008, 0.008, 
        0.004, 0.004, 0.008, 0.012, 0.012, 0, 0.467, 1, 0.984, 
        0.992, 1, 0.906, 0.149, 0, 0.012, 0.016, 0.016, 0.016, 
        0.016, 0.016, 0.024, 0.082, 0.086, 0.086, 0.086, 0.082, 
        0.024, 0.016, 0.016, 0.016, 0.016, 0.016, 0.016, 0, 0.063, 
        0.827, 1, 0.992, 0.984, 1, 0.498, 0, 0.02, 0.012, 0.016, 
        0.016, 0.016, 0.016, 0.016, 0.059, 0.086, 0.082, 0.082, 
        0.086, 0.063, 0.016, 0.016, 0.016, 0.008, 0.004, 0.004, 
        0.008, 0.008, 0.004, 0, 0, 0, 0, 0, 0, 0, 0, 0, 0, 0, 
        0, 0, 0, 0, 0, 0, 0, 0,  ],
    [ 0, 0, 0, 0, 0, 0, 0, 0, 0, 0, 0, 0, 0.004, 0.008, 0, 0.02, 
        0.047, 0.071, 0.122, 0.157, 0.192, 0.078, 0, 0.467, 1, 
        0.984, 0.992, 1, 0.906, 0.149, 0.004, 0.173, 0.216, 0.208, 
        0.212, 0.208, 0.216, 0.216, 0.2, 0.196, 0.2, 0.2, 0.204, 
        0.212, 0.212, 0.212, 0.212, 0.212, 0.216, 0.188, 0, 0.059, 
        0.827, 1, 0.992, 0.984, 1, 0.498, 0, 0.012, 0.129, 0.22, 
        0.204, 0.208, 0.212, 0.212, 0.204, 0.2, 0.204, 0.2, 0.2, 
        0.204, 0.212, 0.216, 0.196, 0.165, 0.129, 0.078, 0.051, 
        0.027, 0.004, 0.008, 0.004, 0, 0, 0, 0, 0, 0, 0, 0, 0, 
        0, 0, 0, 0, 0, 0, 0, 0,  ],
    [ 0, 0, 0, 0, 0, 0, 0, 0, 0, 0, 0, 0.008, 0.008, 0.043, 0.09, 
        0.231, 0.396, 0.533, 0.694, 0.757, 0.816, 0.29, 0, 0.475, 
        1, 0.984, 0.992, 1, 0.91, 0.141, 0.016, 0.655, 0.843, 
        0.816, 0.82, 0.82, 0.82, 0.824, 0.824, 0.82, 0.82, 0.82, 
        0.827, 0.82, 0.82, 0.82, 0.82, 0.82, 0.843, 0.698, 0.004, 
        0.055, 0.831, 1, 0.992, 0.984, 1, 0.498, 0, 0, 0.486, 
        0.855, 0.808, 0.82, 0.82, 0.82, 0.824, 0.827, 0.827, 
        0.824, 0.824, 0.824, 0.82, 0.824, 0.8, 0.769, 0.718, 
        0.584, 0.427, 0.282, 0.125, 0.059, 0.016, 0.008, 0.004, 
        0, 0, 0, 0, 0, 0, 0, 0, 0, 0, 0, 0, 0, 0, 0,  ],
    [ 0, 0, 0, 0, 0, 0, 0, 0, 0, 0.004, 0.004, 0.043, 0.141, 
        0.369, 0.639, 0.835, 0.961, 0.984, 0.996, 0.996, 1, 0.353, 
        0, 0.482, 1, 0.984, 0.992, 1, 0.91, 0.137, 0.016, 0.788, 
        1, 0.996, 1, 1, 1, 1, 1, 1, 1, 1, 1, 1, 1, 1, 1, 0.996, 
        1, 0.843, 0.008, 0.055, 0.831, 1, 0.992, 0.984, 1, 0.498, 
        0, 0, 0.584, 1, 0.996, 1, 1, 1, 1, 1, 1, 1, 1, 1, 1, 
        1, 1, 1, 1, 1, 0.969, 0.878, 0.71, 0.467, 0.204, 0.063, 
        0.012, 0.008, 0, 0, 0, 0, 0, 0, 0, 0, 0, 0, 0, 0, 0, 
        0,  ],
    [ 0, 0, 0, 0, 0, 0, 0, 0, 0.012, 0.02, 0.098, 0.384, 0.718, 
        0.937, 0.996, 0.996, 0.992, 0.984, 0.98, 0.973, 1, 0.341, 
        0, 0.482, 1, 0.984, 0.992, 1, 0.91, 0.141, 0.012, 0.765, 
        1, 0.98, 0.992, 0.992, 0.992, 0.992, 0.992, 0.992, 0.992, 
        0.992, 0.992, 0.992, 0.992, 0.992, 0.992, 0.984, 1, 0.82, 
        0.004, 0.055, 0.831, 1, 0.992, 0.984, 1, 0.498, 0, 0, 
        0.573, 1, 0.973, 0.992, 0.992, 0.992, 0.992, 0.992, 0.992, 
        0.992, 0.992, 0.992, 0.992, 0.992, 0.992, 0.992, 0.988, 
        0.996, 1, 1, 1, 0.973, 0.8, 0.498, 0.18, 0.043, 0.008, 
        0.004, 0, 0, 0, 0, 0, 0, 0, 0, 0, 0, 0, 0,  ],
    [ 0, 0, 0, 0, 0, 0, 0.004, 0.008, 0.043, 0.235, 0.643, 0.945, 
        0.996, 0.992, 0.98, 0.984, 0.984, 0.984, 0.984, 0.98, 
        1, 0.345, 0, 0.482, 1, 0.984, 0.992, 1, 0.91, 0.141, 
        0.012, 0.769, 1, 0.984, 0.996, 0.996, 0.996, 0.996, 0.996, 
        0.996, 0.996, 0.996, 0.996, 0.996, 0.996, 0.996, 0.996, 
        0.988, 1, 0.824, 0.004, 0.055, 0.831, 1, 0.992, 0.984, 
        1, 0.498, 0, 0, 0.573, 1, 0.976, 0.996, 0.996, 0.996, 
        0.996, 0.996, 0.996, 0.996, 0.996, 0.996, 0.996, 0.996, 
        0.996, 0.992, 0.992, 0.992, 0.996, 0.992, 0.988, 0.996, 
        1, 0.988, 0.776, 0.365, 0.071, 0.004, 0.008, 0, 0, 0, 
        0, 0, 0, 0, 0, 0, 0, 0,  ],
    [ 0, 0, 0, 0, 0, 0.004, 0.008, 0.059, 0.365, 0.831, 0.996, 
        0.996, 0.976, 0.988, 0.984, 0.988, 0.992, 0.976, 0.957, 
        0.933, 0.918, 0.325, 0, 0.482, 1, 0.984, 0.992, 1, 0.91, 
        0.137, 0.012, 0.71, 0.91, 0.886, 0.898, 0.898, 0.898, 
        0.898, 0.898, 0.898, 0.898, 0.898, 0.898, 0.898, 0.898, 
        0.898, 0.894, 0.89, 0.91, 0.757, 0.008, 0.059, 0.835, 
        1, 0.992, 0.988, 1, 0.498, 0, 0, 0.529, 0.91, 0.878, 
        0.894, 0.894, 0.894, 0.894, 0.894, 0.894, 0.894, 0.894, 
        0.894, 0.894, 0.894, 0.906, 0.925, 0.949, 0.973, 0.992, 
        0.992, 0.996, 0.996, 0.992, 0.992, 1, 0.933, 0.537, 0.106, 
        0.008, 0.008, 0, 0, 0, 0, 0, 0, 0, 0, 0, 0,  ],
    [ 0, 0, 0, 0, 0, 0.004, 0.059, 0.459, 0.933, 0.996, 0.98, 
        0.988, 0.988, 0.984, 0.988, 0.953, 0.89, 0.753, 0.627, 
        0.486, 0.404, 0.137, 0, 0.475, 1, 0.984, 0.992, 1, 0.906, 
        0.145, 0, 0.271, 0.361, 0.345, 0.349, 0.349, 0.349, 0.349, 
        0.357, 0.357, 0.357, 0.357, 0.357, 0.349, 0.349, 0.349, 
        0.349, 0.345, 0.357, 0.294, 0, 0.059, 0.831, 1, 0.992, 
        0.984, 1, 0.498, 0, 0.008, 0.208, 0.365, 0.341, 0.345, 
        0.345, 0.345, 0.349, 0.349, 0.349, 0.349, 0.349, 0.345, 
        0.345, 0.341, 0.369, 0.451, 0.576, 0.71, 0.855, 0.937, 
        0.984, 0.988, 0.996, 0.996, 0.988, 1, 1, 0.647, 0.141, 
        0.008, 0.008, 0, 0, 0, 0, 0, 0, 0, 0, 0,  ],
    [ 0, 0, 0, 0, 0.008, 0.047, 0.463, 0.965, 0.996, 0.976, 0.988, 
        0.988, 0.988, 0.961, 0.855, 0.608, 0.349, 0.153, 0.063, 
        0.016, 0, 0.012, 0, 0.471, 1, 0.984, 0.992, 1, 0.906, 
        0.149, 0, 0, 0, 0, 0, 0, 0, 0.02, 0.071, 0.071, 0.071, 
        0.071, 0.071, 0.02, 0, 0, 0, 0, 0, 0, 0, 0.063, 0.827, 
        1, 0.992, 0.984, 1, 0.498, 0, 0.02, 0, 0, 0, 0, 0, 0, 
        0.051, 0.075, 0.071, 0.071, 0.075, 0.055, 0, 0, 0, 0.004, 
        0.047, 0.114, 0.278, 0.514, 0.788, 0.941, 0.992, 0.992, 
        1, 0.992, 0.996, 1, 0.675, 0.125, 0, 0.004, 0, 0, 0, 
        0, 0, 0, 0, 0,  ],
    [ 0, 0, 0, 0.012, 0.031, 0.4, 0.949, 0.996, 0.984, 0.992, 
        0.988, 0.992, 0.922, 0.647, 0.275, 0.051, 0, 0, 0, 0.004, 
        0.012, 0.024, 0, 0.471, 1, 0.984, 0.992, 1, 0.906, 0.149, 
        0, 0.012, 0.008, 0.008, 0.008, 0.012, 0, 0.133, 0.541, 
        0.533, 0.533, 0.537, 0.529, 0.141, 0, 0.012, 0.008, 0.008, 
        0.008, 0.012, 0, 0.067, 0.831, 1, 0.992, 0.984, 1, 0.498, 
        0, 0.016, 0.004, 0.008, 0.008, 0.008, 0.008, 0.012, 0.388, 
        0.557, 0.533, 0.537, 0.557, 0.412, 0, 0.012, 0.008, 0.004, 
        0, 0, 0, 0.02, 0.18, 0.525, 0.867, 0.976, 0.988, 0.996, 
        0.996, 0.992, 1, 0.631, 0.078, 0, 0, 0, 0, 0, 0, 0, 0, 
        0,  ],
    [ 0, 0, 0.008, 0.008, 0.271, 0.906, 0.996, 0.98, 0.996, 0.988, 
        0.992, 0.875, 0.431, 0.075, 0, 0, 0.008, 0.008, 0.004, 
        0, 0.004, 0.02, 0, 0.471, 1, 0.984, 0.992, 1, 0.906, 
        0.149, 0, 0.008, 0, 0, 0, 0.012, 0, 0.243, 0.992, 0.992, 
        0.992, 1, 0.984, 0.251, 0, 0.008, 0, 0, 0, 0.004, 0, 
        0.063, 0.827, 1, 0.992, 0.984, 1, 0.498, 0, 0.016, 0, 
        0, 0, 0, 0.004, 0.012, 0.718, 1, 0.988, 0.988, 1, 0.765, 
        0, 0.004, 0, 0, 0.004, 0.004, 0.008, 0.004, 0, 0.016, 
        0.298, 0.761, 0.973, 0.988, 1, 0.996, 0.992, 1, 0.502, 
        0.031, 0.012, 0, 0, 0, 0, 0, 0, 0,  ],
    [ 0, 0.004, 0, 0.106, 0.757, 0.996, 0.98, 0.992, 0.988, 0.996, 
        0.855, 0.322, 0, 0, 0.008, 0.004, 0, 0, 0, 0, 0.004, 
        0.016, 0, 0.463, 1, 0.98, 0.988, 1, 0.902, 0.145, 0, 
        0.008, 0, 0, 0, 0.012, 0, 0.235, 0.98, 0.984, 0.988, 
        0.996, 0.973, 0.235, 0, 0.008, 0, 0, 0, 0.008, 0, 0.067, 
        0.831, 1, 0.984, 0.976, 1, 0.494, 0, 0.016, 0, 0, 0, 
        0, 0.004, 0.016, 0.706, 1, 0.98, 0.98, 1, 0.745, 0, 0.004, 
        0, 0, 0, 0, 0, 0.004, 0.008, 0.004, 0, 0.176, 0.729, 
        0.976, 0.988, 1, 0.988, 0.996, 0.922, 0.278, 0.004, 0.008, 
        0, 0, 0, 0, 0, 0,  ],
    [ 0, 0.008, 0.016, 0.494, 1, 0.984, 0.992, 0.988, 0.996, 
        0.886, 0.31, 0, 0.004, 0.008, 0, 0, 0, 0, 0, 0, 0, 0.016, 
        0, 0.463, 0.965, 0.953, 0.957, 0.957, 0.89, 0.149, 0, 
        0.008, 0, 0, 0, 0.012, 0, 0.235, 0.988, 0.992, 0.992, 
        1, 0.976, 0.239, 0, 0.008, 0, 0, 0, 0.008, 0, 0.063, 
        0.808, 0.961, 0.957, 0.949, 0.961, 0.486, 0, 0.016, 0, 
        0, 0, 0, 0.004, 0.016, 0.71, 1, 0.984, 0.984, 1, 0.749, 
        0, 0.004, 0, 0, 0, 0, 0, 0, 0, 0.004, 0.012, 0.004, 0.149, 
        0.749, 0.988, 0.988, 1, 0.984, 1, 0.733, 0.067, 0.004, 
        0, 0, 0, 0, 0, 0,  ],
    [ 0.004, 0, 0.165, 0.878, 0.996, 0.984, 0.992, 0.988, 0.945, 
        0.392, 0, 0.008, 0.004, 0, 0, 0, 0, 0, 0, 0.004, 0.008, 
        0.012, 0, 0.306, 0.651, 0.604, 0.612, 0.624, 0.576, 0.098, 
        0, 0.012, 0.008, 0.008, 0.008, 0.012, 0, 0.235, 0.988, 
        0.992, 0.996, 1, 0.976, 0.239, 0, 0.012, 0.008, 0.008, 
        0.008, 0.012, 0, 0.043, 0.518, 0.635, 0.612, 0.608, 0.647, 
        0.325, 0, 0.012, 0.008, 0.008, 0.008, 0.008, 0.004, 0.016, 
        0.71, 1, 0.984, 0.984, 1, 0.749, 0, 0.004, 0.008, 0.004, 
        0, 0, 0, 0, 0, 0, 0, 0.012, 0, 0.2, 0.835, 1, 0.992, 
        0.996, 0.992, 0.996, 0.392, 0.004, 0.012, 0, 0, 0, 0, 
        0,  ],
    [ 0.012, 0.012, 0.514, 1, 0.98, 0.992, 0.984, 0.988, 0.592, 
        0.012, 0, 0.004, 0, 0, 0, 0, 0, 0.008, 0.008, 0.016, 
        0.024, 0.027, 0.027, 0.031, 0.063, 0.063, 0.067, 0.067, 
        0.063, 0.027, 0.027, 0.027, 0.027, 0.027, 0.031, 0.02, 
        0, 0.235, 0.988, 0.992, 0.996, 1, 0.976, 0.239, 0, 0.02, 
        0.031, 0.027, 0.027, 0.027, 0.027, 0.027, 0.051, 0.063, 
        0.059, 0.059, 0.067, 0.039, 0.027, 0.027, 0.027, 0.027, 
        0.027, 0.027, 0.008, 0.016, 0.71, 1, 0.984, 0.984, 1, 
        0.749, 0, 0.004, 0.024, 0.02, 0.004, 0.008, 0.004, 0, 
        0, 0, 0, 0, 0.012, 0, 0.361, 0.961, 0.988, 1, 0.988, 
        1, 0.761, 0.059, 0.004, 0, 0, 0, 0, 0,  ],
    [ 0, 0.098, 0.827, 1, 0.98, 0.984, 0.996, 0.871, 0.157, 0, 
        0.012, 0, 0, 0, 0, 0.004, 0.004, 0.039, 0.086, 0.2, 0.267, 
        0.278, 0.282, 0.278, 0.271, 0.275, 0.275, 0.275, 0.275, 
        0.282, 0.282, 0.282, 0.282, 0.278, 0.306, 0.184, 0, 0.239, 
        0.988, 0.992, 0.996, 1, 0.976, 0.243, 0, 0.18, 0.306, 
        0.282, 0.282, 0.282, 0.286, 0.286, 0.275, 0.275, 0.275, 
        0.275, 0.275, 0.278, 0.286, 0.282, 0.282, 0.282, 0.294, 
        0.282, 0.063, 0.008, 0.71, 1, 0.984, 0.984, 1, 0.753, 
        0, 0.047, 0.251, 0.22, 0.098, 0.051, 0.004, 0.008, 0, 
        0, 0, 0, 0.004, 0, 0.027, 0.678, 1, 0.988, 1, 0.996, 
        0.973, 0.29, 0, 0.008, 0, 0, 0, 0,  ],
    [ 0, 0.329, 0.988, 0.988, 0.984, 0.98, 0.992, 0.529, 0, 0.012, 
        0, 0, 0, 0, 0.008, 0.008, 0.082, 0.349, 0.627, 0.796, 
        0.882, 0.894, 0.898, 0.902, 0.906, 0.906, 0.906, 0.906, 
        0.906, 0.902, 0.902, 0.902, 0.902, 0.886, 0.941, 0.533, 
        0, 0.243, 0.988, 0.992, 0.996, 1, 0.976, 0.251, 0, 0.541, 
        0.949, 0.89, 0.902, 0.902, 0.902, 0.902, 0.906, 0.906, 
        0.906, 0.906, 0.906, 0.906, 0.902, 0.902, 0.902, 0.898, 
        0.91, 0.863, 0.18, 0, 0.71, 1, 0.984, 0.984, 1, 0.757, 
        0, 0.145, 0.824, 0.827, 0.663, 0.435, 0.137, 0.024, 0.008, 
        0, 0, 0, 0, 0.012, 0, 0.286, 0.969, 0.996, 1, 0.984, 
        1, 0.573, 0.008, 0.008, 0, 0, 0, 0,  ],
    [ 0.004, 0.565, 1, 0.976, 0.988, 0.992, 0.925, 0.196, 0, 
        0.008, 0, 0, 0, 0.004, 0.004, 0.133, 0.596, 0.937, 0.996, 
        1, 1, 1, 1, 1, 1, 1, 1, 1, 1, 1, 1, 1, 1, 0.996, 1, 0.569, 
        0, 0.247, 0.988, 0.996, 0.996, 1, 0.976, 0.255, 0, 0.588, 
        1, 0.996, 1, 1, 1, 1, 1, 1, 1, 1, 1, 1, 1, 1, 1, 1, 1, 
        0.953, 0.208, 0, 0.71, 1, 0.984, 0.984, 1, 0.757, 0, 
        0.165, 0.949, 1, 0.996, 0.976, 0.725, 0.243, 0.024, 0.008, 
        0, 0, 0, 0.004, 0, 0.047, 0.757, 1, 0.992, 0.992, 1, 
        0.796, 0.063, 0, 0.004, 0, 0, 0,  ],
    [ 0.039, 0.769, 1, 0.98, 0.984, 1, 0.725, 0.024, 0, 0.004, 
        0, 0, 0.004, 0, 0.098, 0.69, 0.996, 0.996, 0.984, 0.988, 
        0.992, 0.992, 0.992, 0.992, 0.992, 0.992, 0.992, 0.992, 
        0.992, 0.992, 0.992, 0.992, 0.992, 0.976, 1, 0.557, 0, 
        0.247, 0.988, 0.996, 0.996, 1, 0.976, 0.251, 0, 0.573, 
        1, 0.969, 0.988, 0.992, 0.992, 0.992, 0.992, 0.992, 0.992, 
        0.992, 0.992, 0.992, 0.992, 0.992, 0.992, 0.988, 0.992, 
        0.929, 0.2, 0, 0.706, 1, 0.984, 0.984, 1, 0.757, 0, 0.165, 
        0.925, 1, 0.98, 0.992, 0.996, 0.843, 0.231, 0.004, 0.008, 
        0, 0, 0, 0.012, 0, 0.482, 1, 0.988, 0.996, 1, 0.937, 
        0.212, 0, 0.008, 0, 0, 0,  ],
    [ 0.118, 0.894, 1, 0.988, 0.976, 1, 0.541, 0, 0.008, 0, 0, 
        0, 0.012, 0.024, 0.549, 1, 0.984, 0.988, 0.996, 0.992, 
        0.996, 0.996, 1, 1, 1, 1, 1, 1, 1, 1, 1, 1, 1, 0.984, 
        1, 0.561, 0, 0.247, 0.988, 0.996, 0.996, 1, 0.976, 0.255, 
        0, 0.58, 1, 0.98, 0.996, 1, 1, 1, 1, 1, 1, 1, 1, 1, 1, 
        1, 1, 0.996, 1, 0.937, 0.196, 0, 0.706, 1, 0.984, 0.984, 
        1, 0.757, 0, 0.165, 0.933, 1, 0.988, 0.988, 0.984, 0.996, 
        0.765, 0.086, 0, 0.004, 0, 0, 0.012, 0, 0.29, 0.984, 
        0.992, 1, 0.988, 1, 0.333, 0, 0.012, 0, 0, 0,  ],
    [ 0.192, 0.941, 0.992, 0.988, 0.984, 0.996, 0.349, 0, 0.012, 
        0, 0, 0.008, 0, 0.192, 0.929, 0.996, 0.988, 1, 0.996, 
        0.969, 0.91, 0.886, 0.894, 0.894, 0.894, 0.894, 0.894, 
        0.894, 0.894, 0.894, 0.894, 0.894, 0.894, 0.878, 0.906, 
        0.506, 0, 0.247, 0.988, 0.996, 0.996, 1, 0.976, 0.255, 
        0, 0.525, 0.906, 0.882, 0.894, 0.894, 0.894, 0.894, 0.894, 
        0.894, 0.894, 0.894, 0.894, 0.894, 0.898, 0.898, 0.898, 
        0.894, 0.902, 0.847, 0.176, 0, 0.706, 1, 0.984, 0.984, 
        1, 0.757, 0, 0.141, 0.847, 0.953, 0.988, 0.996, 0.996, 
        0.984, 1, 0.424, 0, 0.012, 0, 0, 0.008, 0, 0.137, 0.886, 
        1, 0.996, 0.988, 1, 0.424, 0, 0.012, 0, 0, 0,  ],
    [ 0.263, 0.969, 0.988, 0.988, 0.988, 0.969, 0.247, 0, 0.012, 
        0, 0, 0.012, 0, 0.486, 1, 0.984, 0.996, 0.992, 0.984, 
        0.706, 0.369, 0.314, 0.325, 0.325, 0.325, 0.325, 0.325, 
        0.325, 0.325, 0.325, 0.322, 0.322, 0.322, 0.318, 0.341, 
        0.2, 0, 0.239, 0.988, 0.996, 0.996, 1, 0.976, 0.243, 
        0, 0.2, 0.345, 0.325, 0.329, 0.329, 0.329, 0.329, 0.333, 
        0.337, 0.337, 0.337, 0.337, 0.333, 0.333, 0.333, 0.333, 
        0.333, 0.337, 0.322, 0.071, 0.004, 0.702, 1, 0.984, 0.984, 
        1, 0.749, 0, 0.055, 0.325, 0.6, 0.957, 0.992, 0.996, 
        0.98, 1, 0.733, 0.02, 0.008, 0, 0, 0.004, 0, 0.059, 0.831, 
        1, 0.992, 0.988, 1, 0.514, 0, 0.008, 0, 0, 0,  ],
    [ 0.31, 0.984, 0.988, 0.988, 0.988, 0.957, 0.216, 0, 0.008, 
        0, 0, 0.004, 0.004, 0.686, 1, 0.988, 0.992, 1, 0.867, 
        0.129, 0.004, 0.004, 0, 0.035, 0.082, 0.075, 0.078, 0.078, 
        0.071, 0.012, 0, 0, 0, 0, 0, 0.004, 0, 0.235, 0.988, 
        0.996, 0.996, 1, 0.976, 0.243, 0, 0.004, 0, 0, 0, 0, 
        0, 0.008, 0.067, 0.078, 0.078, 0.075, 0.082, 0.043, 0, 
        0.004, 0, 0, 0, 0, 0, 0.016, 0.698, 1, 0.984, 0.984, 
        1, 0.733, 0, 0.004, 0.004, 0.027, 0.678, 1, 0.984, 0.988, 
        1, 0.886, 0.125, 0, 0.004, 0, 0.004, 0, 0.047, 0.804, 
        1, 0.992, 0.988, 1, 0.557, 0, 0.008, 0, 0, 0,  ],
    [ 0.282, 0.973, 0.988, 0.988, 0.988, 0.965, 0.227, 0, 0.008, 
        0, 0, 0, 0.024, 0.757, 1, 0.988, 0.984, 1, 0.702, 0, 
        0.02, 0.016, 0, 0.294, 0.6, 0.565, 0.569, 0.58, 0.514, 
        0.075, 0, 0.012, 0.008, 0.008, 0.008, 0.016, 0, 0.259, 
        0.996, 0.992, 0.996, 1, 0.976, 0.235, 0, 0.016, 0.012, 
        0.012, 0.012, 0.012, 0.004, 0.039, 0.482, 0.58, 0.569, 
        0.565, 0.6, 0.314, 0, 0.016, 0.012, 0.008, 0.008, 0.008, 
        0.004, 0.012, 0.682, 1, 0.984, 0.984, 1, 0.761, 0.004, 
        0.012, 0.027, 0, 0.431, 1, 0.984, 0.988, 1, 0.941, 0.18, 
        0, 0.008, 0, 0.004, 0, 0.051, 0.816, 1, 0.992, 0.988, 
        1, 0.533, 0, 0.008, 0, 0, 0,  ],
    [ 0.216, 0.953, 0.992, 0.988, 0.988, 0.98, 0.286, 0, 0.012, 
        0, 0, 0.004, 0.016, 0.706, 1, 0.988, 0.984, 1, 0.816, 
        0.078, 0.016, 0.012, 0.063, 0.663, 1, 1, 0.996, 1, 0.835, 
        0.082, 0, 0.008, 0.004, 0.004, 0, 0.016, 0, 0.337, 1, 
        0.992, 0.996, 1, 0.957, 0.18, 0, 0.012, 0, 0.008, 0.008, 
        0.008, 0, 0.027, 0.796, 1, 0.996, 0.996, 1, 0.604, 0.004, 
        0.012, 0.004, 0, 0, 0.004, 0.008, 0, 0.6, 1, 0.98, 0.988, 
        1, 0.867, 0.11, 0.016, 0.016, 0.051, 0.58, 1, 0.984, 
        0.988, 1, 0.902, 0.145, 0, 0.008, 0, 0.004, 0, 0.094, 
        0.859, 1, 0.992, 0.988, 1, 0.471, 0, 0.008, 0, 0, 0, 
         ],
    [ 0.141, 0.914, 0.992, 0.988, 0.98, 1, 0.424, 0, 0.012, 0, 
        0, 0.012, 0, 0.525, 1, 0.984, 0.996, 1, 0.996, 0.58, 
        0.216, 0.184, 0.482, 0.941, 0.988, 0.992, 0.98, 1, 0.678, 
        0.008, 0.004, 0.004, 0.004, 0.004, 0, 0.016, 0, 0.478, 
        1, 0.988, 0.992, 1, 0.925, 0.102, 0, 0.004, 0, 0, 0, 
        0.004, 0.004, 0, 0.714, 1, 0.976, 0.98, 1, 0.725, 0.031, 
        0.004, 0, 0, 0, 0.004, 0.012, 0, 0.443, 0.996, 0.984, 
        0.996, 0.992, 1, 0.631, 0.216, 0.169, 0.42, 0.922, 1, 
        0.988, 0.984, 1, 0.769, 0.035, 0, 0.004, 0, 0.008, 0, 
        0.208, 0.937, 1, 0.996, 0.984, 1, 0.376, 0, 0.012, 0, 
        0, 0,  ],
    [ 0.078, 0.851, 1, 0.984, 0.976, 1, 0.624, 0.008, 0.012, 
        0, 0, 0.012, 0, 0.259, 0.957, 0.992, 0.988, 0.996, 1, 
        1, 0.839, 0.808, 0.969, 1, 0.992, 0.996, 0.988, 0.976, 
        0.412, 0, 0.016, 0, 0, 0, 0, 0.012, 0.012, 0.675, 1, 
        0.988, 0.992, 1, 0.82, 0.039, 0, 0.004, 0, 0, 0, 0, 0.012, 
        0, 0.588, 1, 0.98, 0.988, 1, 0.875, 0.114, 0, 0.004, 
        0, 0, 0.004, 0.008, 0, 0.204, 0.922, 0.996, 0.984, 0.992, 
        1, 1, 0.843, 0.784, 0.949, 1, 0.992, 0.992, 0.98, 0.988, 
        0.506, 0, 0.012, 0, 0, 0.012, 0, 0.376, 1, 0.992, 1, 
        0.988, 0.984, 0.278, 0, 0.012, 0, 0, 0,  ],
    [ 0.012, 0.671, 1, 0.98, 0.984, 1, 0.812, 0.086, 0, 0.004, 
        0, 0, 0, 0.024, 0.647, 0.984, 0.98, 0.996, 0.996, 0.996, 
        1, 1, 1, 0.996, 0.996, 0.988, 0.996, 0.78, 0.094, 0, 
        0.008, 0, 0, 0, 0.004, 0, 0.118, 0.859, 1, 0.992, 0.988, 
        1, 0.616, 0, 0.004, 0, 0, 0, 0, 0, 0.016, 0, 0.376, 0.996, 
        0.984, 0.996, 0.996, 0.984, 0.322, 0, 0.012, 0, 0, 0.004, 
        0, 0.004, 0.004, 0.58, 0.976, 0.976, 0.988, 0.992, 0.988, 
        1, 0.996, 0.996, 0.992, 0.996, 0.984, 1, 0.851, 0.149, 
        0, 0.008, 0, 0, 0.012, 0.012, 0.604, 1, 0.984, 0.996, 
        1, 0.878, 0.133, 0, 0.008, 0, 0, 0,  ],
    [ 0, 0.451, 0.992, 0.976, 0.992, 0.988, 0.98, 0.325, 0, 0.012, 
        0, 0, 0.008, 0, 0.173, 0.8, 0.976, 0.988, 0.992, 0.996, 
        0.992, 0.992, 0.996, 0.992, 0.988, 0.988, 0.878, 0.278, 
        0, 0.012, 0, 0, 0, 0, 0.012, 0, 0.373, 0.996, 0.992, 
        0.996, 0.988, 0.992, 0.396, 0, 0.012, 0, 0, 0, 0, 0, 
        0.012, 0, 0.173, 0.941, 0.988, 0.996, 0.984, 1, 0.635, 
        0.024, 0.012, 0, 0, 0, 0, 0.008, 0, 0.129, 0.749, 0.969, 
        0.98, 0.988, 0.992, 0.988, 0.984, 0.992, 0.992, 0.988, 
        0.992, 0.918, 0.357, 0, 0.008, 0, 0, 0.004, 0, 0.129, 
        0.863, 1, 0.992, 0.988, 1, 0.706, 0.012, 0.004, 0.004, 
        0, 0, 0,  ],
    [ 0, 0.212, 0.925, 0.988, 0.988, 0.98, 1, 0.671, 0.039, 0.008, 
        0, 0, 0, 0.008, 0, 0.224, 0.741, 0.937, 0.98, 0.996, 
        0.992, 0.992, 0.992, 0.984, 0.949, 0.82, 0.325, 0, 0.012, 
        0.008, 0, 0, 0, 0, 0.004, 0.051, 0.722, 1, 0.984, 0.996, 
        1, 0.906, 0.157, 0, 0.008, 0, 0, 0, 0, 0, 0.004, 0, 0.031, 
        0.718, 1, 0.988, 0.992, 0.996, 0.906, 0.2, 0, 0.008, 
        0, 0, 0.004, 0, 0.012, 0, 0.176, 0.706, 0.933, 0.976, 
        0.988, 0.988, 0.988, 0.988, 0.988, 0.957, 0.855, 0.4, 
        0.008, 0.004, 0, 0, 0, 0.012, 0.012, 0.451, 1, 0.988, 
        1, 0.988, 0.992, 0.459, 0, 0.016, 0, 0, 0, 0,  ],
    [ 0, 0.027, 0.714, 1, 0.98, 0.988, 0.992, 0.957, 0.329, 0.008, 
        0.012, 0, 0, 0, 0.008, 0, 0.133, 0.51, 0.761, 0.89, 0.914, 
        0.914, 0.902, 0.788, 0.576, 0.212, 0, 0.008, 0.008, 0.004, 
        0, 0, 0, 0.012, 0.012, 0.365, 0.976, 0.996, 0.996, 0.988, 
        1, 0.663, 0, 0, 0.004, 0, 0, 0, 0, 0, 0, 0.012, 0, 0.404, 
        0.984, 0.988, 0.996, 0.984, 1, 0.604, 0.043, 0.012, 0, 
        0, 0, 0.004, 0.004, 0.012, 0, 0.114, 0.482, 0.753, 0.882, 
        0.914, 0.918, 0.914, 0.812, 0.612, 0.259, 0, 0, 0.004, 
        0, 0, 0.004, 0, 0.145, 0.831, 0.996, 0.992, 0.996, 1, 
        0.898, 0.169, 0, 0.008, 0, 0, 0, 0,  ],
    [ 0.012, 0, 0.357, 0.969, 0.984, 0.988, 0.98, 0.996, 0.784, 
        0.133, 0, 0.008, 0, 0, 0, 0.008, 0, 0.016, 0.157, 0.333, 
        0.388, 0.384, 0.345, 0.188, 0.031, 0, 0.012, 0.008, 0.004, 
        0.004, 0, 0, 0.008, 0, 0.145, 0.808, 1, 0.988, 1, 0.988, 
        0.965, 0.306, 0, 0.008, 0, 0, 0, 0, 0, 0, 0, 0.004, 0, 
        0.106, 0.835, 1, 0.992, 0.992, 0.996, 0.949, 0.353, 0.02, 
        0.012, 0.004, 0.004, 0.004, 0.004, 0.004, 0.008, 0, 0.008, 
        0.145, 0.325, 0.388, 0.392, 0.373, 0.216, 0.043, 0, 0, 
        0.004, 0, 0, 0.004, 0.008, 0.051, 0.592, 1, 0.984, 1, 
        0.988, 0.992, 0.592, 0.008, 0.008, 0.004, 0, 0, 0, 0, 
         ],
    [ 0.004, 0, 0.063, 0.722, 1, 0.98, 0.992, 0.984, 1, 0.612, 
        0.071, 0.004, 0.008, 0, 0, 0, 0.008, 0.004, 0, 0, 0.004, 
        0, 0, 0, 0, 0.008, 0.004, 0.008, 0.004, 0.004, 0, 0.008, 
        0.004, 0.075, 0.639, 1, 0.988, 1, 0.988, 1, 0.706, 0.039, 
        0, 0.004, 0, 0, 0, 0, 0, 0, 0, 0, 0.008, 0, 0.455, 0.976, 
        0.984, 1, 0.984, 0.996, 0.843, 0.216, 0.012, 0.012, 0.004, 
        0.004, 0.004, 0.004, 0.004, 0.008, 0.008, 0, 0, 0, 0, 
        0, 0, 0, 0.008, 0.004, 0.004, 0, 0.004, 0.012, 0.039, 
        0.404, 0.969, 1, 0.996, 0.996, 0.996, 0.902, 0.22, 0, 
        0.012, 0.004, 0, 0, 0, 0,  ],
    [ 0.004, 0.012, 0, 0.294, 0.937, 0.988, 0.988, 0.992, 0.996, 
        0.976, 0.525, 0.075, 0.004, 0.012, 0, 0, 0, 0.004, 0.012, 
        0.012, 0.016, 0.012, 0.012, 0.012, 0.004, 0.004, 0.008, 
        0.008, 0.004, 0.004, 0.008, 0.004, 0.078, 0.549, 0.988, 
        0.996, 0.996, 0.996, 0.992, 0.929, 0.275, 0, 0.008, 0, 
        0, 0, 0, 0, 0, 0, 0, 0, 0.008, 0, 0.09, 0.773, 0.996, 
        0.988, 0.996, 0.984, 0.996, 0.757, 0.184, 0.024, 0.012, 
        0.004, 0.004, 0.004, 0.004, 0.004, 0.004, 0.008, 0.008, 
        0.008, 0.012, 0.008, 0.008, 0.004, 0.004, 0.004, 0.004, 
        0.008, 0.008, 0.047, 0.345, 0.894, 1, 0.988, 0.996, 0.988, 
        0.976, 0.525, 0, 0.008, 0.004, 0, 0, 0, 0, 0,  ],
    [ 0, 0.004, 0.004, 0.012, 0.557, 0.973, 0.98, 0.992, 0.992, 
        1, 0.965, 0.561, 0.125, 0.024, 0.008, 0.008, 0, 0, 0, 
        0.004, 0.004, 0.004, 0.004, 0.004, 0.004, 0.004, 0.004, 
        0.004, 0.008, 0.012, 0.024, 0.122, 0.576, 0.98, 1, 0.992, 
        0.992, 0.984, 0.969, 0.533, 0, 0.004, 0.004, 0, 0, 0, 
        0, 0, 0, 0, 0, 0, 0.004, 0.008, 0, 0.286, 0.914, 0.992, 
        0.992, 0.996, 0.984, 0.996, 0.761, 0.251, 0.047, 0.004, 
        0.012, 0.004, 0.004, 0.004, 0.004, 0.004, 0.004, 0.004, 
        0.004, 0.004, 0.004, 0.004, 0.004, 0.008, 0.012, 0.012, 
        0.075, 0.408, 0.886, 1, 0.988, 0.996, 0.988, 0.992, 0.761, 
        0.114, 0, 0.008, 0, 0, 0, 0, 0, 0,  ],
    [ 0, 0, 0.008, 0.004, 0.098, 0.725, 0.984, 0.984, 0.992, 
        0.992, 0.996, 0.992, 0.694, 0.267, 0.071, 0.02, 0.012, 
        0.012, 0.004, 0.004, 0.004, 0.004, 0.004, 0.004, 0.004, 
        0.008, 0.008, 0.008, 0.02, 0.071, 0.267, 0.698, 1, 0.996, 
        0.996, 0.996, 0.984, 0.98, 0.706, 0.086, 0, 0.008, 0, 
        0, 0, 0, 0, 0, 0, 0, 0, 0, 0.004, 0.008, 0.004, 0, 0.482, 
        0.949, 0.984, 0.996, 0.996, 0.984, 0.996, 0.847, 0.408, 
        0.106, 0.031, 0.008, 0.012, 0.012, 0.008, 0.008, 0.004, 
        0.004, 0.004, 0.004, 0.008, 0.012, 0.012, 0.012, 0.051, 
        0.176, 0.561, 0.945, 1, 0.988, 1, 0.988, 1, 0.875, 0.259, 
        0, 0.012, 0.004, 0, 0, 0, 0, 0, 0,  ],
    [ 0, 0, 0, 0.012, 0.004, 0.2, 0.8, 0.984, 0.984, 0.992, 0.992, 
        0.992, 0.996, 0.863, 0.529, 0.231, 0.082, 0.047, 0.024, 
        0.008, 0.008, 0.008, 0.008, 0.008, 0.008, 0.024, 0.047, 
        0.082, 0.231, 0.529, 0.863, 1, 0.996, 0.996, 0.996, 0.988, 
        0.984, 0.784, 0.18, 0.004, 0.012, 0, 0, 0, 0, 0, 0, 0, 
        0, 0, 0, 0, 0, 0.004, 0.004, 0, 0.051, 0.588, 0.953, 
        0.988, 0.996, 0.996, 0.984, 0.996, 0.949, 0.663, 0.318, 
        0.125, 0.059, 0.031, 0.012, 0.008, 0.008, 0.008, 0.012, 
        0.004, 0.016, 0.039, 0.067, 0.18, 0.424, 0.769, 0.996, 
        1, 0.988, 0.992, 0.988, 0.996, 0.914, 0.373, 0, 0.008, 
        0.004, 0.004, 0, 0, 0, 0, 0, 0,  ],
    [ 0, 0, 0, 0, 0.012, 0, 0.243, 0.792, 0.976, 0.98, 0.996, 
        0.992, 0.984, 1, 0.988, 0.835, 0.592, 0.404, 0.247, 0.149, 
        0.125, 0.11, 0.114, 0.133, 0.149, 0.243, 0.408, 0.596, 
        0.839, 0.988, 0.996, 0.988, 0.996, 0.996, 0.988, 0.976, 
        0.788, 0.227, 0, 0.012, 0, 0, 0, 0, 0, 0, 0, 0, 0, 0, 
        0, 0, 0, 0, 0, 0.008, 0, 0.075, 0.608, 0.945, 0.988, 
        0.992, 0.996, 0.984, 0.996, 0.996, 0.906, 0.694, 0.471, 
        0.302, 0.169, 0.133, 0.11, 0.11, 0.122, 0.137, 0.204, 
        0.361, 0.522, 0.773, 0.961, 0.996, 0.984, 0.992, 0.992, 
        0.988, 0.992, 0.902, 0.408, 0.004, 0.004, 0.004, 0.004, 
        0, 0, 0, 0, 0, 0, 0,  ],
    [ 0, 0, 0, 0, 0, 0.012, 0, 0.216, 0.733, 0.953, 0.988, 0.988, 
        0.996, 0.988, 0.992, 1, 1, 0.957, 0.843, 0.749, 0.694, 
        0.663, 0.663, 0.702, 0.745, 0.839, 0.953, 0.996, 0.996, 
        0.984, 0.984, 0.996, 0.988, 0.988, 0.953, 0.733, 0.204, 
        0, 0.008, 0, 0, 0, 0, 0, 0, 0, 0, 0, 0, 0, 0, 0, 0, 0, 
        0, 0, 0.008, 0, 0.071, 0.557, 0.922, 0.988, 0.988, 0.996, 
        0.992, 0.984, 1, 0.996, 0.976, 0.886, 0.769, 0.706, 0.667, 
        0.663, 0.686, 0.729, 0.804, 0.929, 0.992, 0.996, 0.996, 
        0.984, 0.992, 0.988, 0.988, 0.976, 0.851, 0.376, 0.004, 
        0.004, 0.008, 0.004, 0, 0, 0, 0, 0, 0, 0, 0,  ],
    [ 0, 0, 0, 0, 0, 0, 0.012, 0, 0.149, 0.6, 0.914, 0.98, 0.988, 
        0.992, 0.996, 0.992, 0.992, 1, 1, 1, 1, 1, 1, 1, 1, 0.996, 
        0.992, 0.98, 0.984, 0.984, 0.988, 0.988, 0.976, 0.902, 
        0.592, 0.137, 0, 0.008, 0, 0, 0, 0, 0, 0, 0, 0, 0, 0, 
        0, 0, 0, 0, 0, 0, 0, 0, 0, 0.008, 0, 0.035, 0.424, 0.824, 
        0.957, 0.992, 0.988, 0.992, 0.992, 0.984, 0.988, 1, 0.996, 
        0.996, 0.996, 1, 0.996, 0.996, 0.996, 1, 0.992, 0.984, 
        0.992, 0.988, 0.984, 0.988, 0.937, 0.729, 0.267, 0, 0.004, 
        0.008, 0.008, 0.004, 0, 0, 0, 0, 0, 0, 0, 0,  ],
    [ 0, 0, 0, 0, 0, 0, 0, 0.012, 0, 0.051, 0.38, 0.757, 0.929, 
        0.976, 0.996, 0.992, 0.992, 0.992, 0.992, 0.992, 0.988, 
        0.992, 0.992, 0.988, 0.988, 0.984, 0.984, 0.988, 0.988, 
        0.988, 0.976, 0.925, 0.749, 0.373, 0.047, 0, 0.012, 0, 
        0, 0, 0, 0, 0, 0, 0, 0, 0, 0, 0, 0, 0, 0, 0, 0, 0, 0, 
        0, 0, 0.008, 0, 0, 0.239, 0.627, 0.898, 0.965, 0.992, 
        0.992, 0.988, 0.992, 0.988, 0.984, 0.984, 0.984, 0.988, 
        0.984, 0.984, 0.984, 0.988, 0.988, 0.988, 0.988, 0.988, 
        0.945, 0.831, 0.502, 0.129, 0, 0.012, 0.012, 0.004, 0, 
        0, 0, 0, 0, 0, 0, 0, 0, 0,  ],
    [ 0, 0, 0, 0, 0, 0, 0, 0, 0.008, 0, 0, 0.145, 0.463, 0.745, 
        0.902, 0.953, 0.976, 0.996, 0.992, 0.992, 0.992, 0.992, 
        0.992, 0.992, 0.992, 0.988, 0.988, 0.976, 0.953, 0.906, 
        0.737, 0.447, 0.141, 0, 0, 0.008, 0, 0, 0, 0, 0, 0, 0, 
        0, 0, 0, 0, 0, 0, 0, 0, 0, 0, 0, 0, 0, 0, 0, 0, 0.004, 
        0.004, 0, 0.059, 0.345, 0.659, 0.863, 0.941, 0.969, 0.988, 
        0.996, 0.992, 0.992, 0.992, 0.992, 0.992, 0.992, 0.992, 
        0.996, 0.984, 0.961, 0.925, 0.82, 0.561, 0.231, 0.012, 
        0, 0.012, 0.008, 0.004, 0, 0, 0, 0, 0, 0, 0, 0, 0, 0, 
        0,  ],
    [ 0, 0, 0, 0, 0, 0, 0, 0, 0, 0.004, 0.008, 0, 0, 0.137, 0.361, 
        0.604, 0.745, 0.875, 0.914, 0.933, 0.945, 0.949, 0.949, 
        0.945, 0.929, 0.918, 0.871, 0.741, 0.604, 0.365, 0.133, 
        0, 0, 0.004, 0.004, 0, 0, 0, 0, 0, 0, 0, 0, 0, 0, 0, 
        0, 0, 0, 0, 0, 0, 0, 0, 0, 0, 0, 0, 0, 0, 0, 0.008, 0, 
        0, 0.086, 0.275, 0.537, 0.698, 0.835, 0.91, 0.925, 0.941, 
        0.949, 0.949, 0.945, 0.937, 0.922, 0.902, 0.788, 0.647, 
        0.439, 0.204, 0.027, 0.004, 0.008, 0.012, 0.004, 0, 0, 
        0, 0, 0, 0, 0, 0, 0, 0, 0, 0, 0,  ],
    [ 0, 0, 0, 0, 0, 0, 0, 0, 0, 0, 0, 0.008, 0.004, 0, 0, 0.039, 
        0.145, 0.286, 0.38, 0.482, 0.549, 0.573, 0.573, 0.549, 
        0.467, 0.392, 0.29, 0.141, 0.039, 0, 0, 0.004, 0.008, 
        0, 0, 0, 0, 0, 0, 0, 0, 0, 0, 0, 0, 0, 0, 0, 0, 0, 0, 
        0, 0, 0, 0, 0, 0, 0, 0, 0, 0, 0, 0.004, 0.008, 0, 0, 
        0.02, 0.094, 0.243, 0.365, 0.447, 0.541, 0.576, 0.584, 
        0.565, 0.506, 0.427, 0.325, 0.196, 0.059, 0, 0, 0.004, 
        0.012, 0.008, 0, 0, 0, 0, 0, 0, 0, 0, 0, 0, 0, 0, 0, 
        0, 0,  ],
    [ 0, 0, 0, 0, 0, 0, 0, 0, 0, 0, 0, 0, 0, 0.004, 0.004, 0, 
        0, 0, 0, 0.008, 0.031, 0.035, 0.039, 0.031, 0.004, 0, 
        0, 0, 0, 0.004, 0.008, 0, 0, 0, 0, 0, 0, 0, 0, 0, 0, 
        0, 0, 0, 0, 0, 0, 0, 0, 0, 0, 0, 0, 0, 0, 0, 0, 0, 0, 
        0, 0, 0, 0, 0, 0.004, 0.008, 0, 0, 0, 0, 0, 0.031, 0.039, 
        0.043, 0.035, 0.012, 0, 0, 0, 0, 0.004, 0.008, 0.004, 
        0, 0, 0, 0, 0, 0, 0, 0, 0, 0, 0, 0, 0, 0, 0, 0, 0,  ],
    [ 0, 0, 0, 0, 0, 0, 0, 0, 0, 0, 0, 0, 0, 0, 0, 0.004, 0.004, 
        0.008, 0.004, 0, 0, 0, 0, 0, 0, 0.008, 0.008, 0.004, 
        0.004, 0, 0, 0, 0, 0, 0, 0, 0, 0, 0, 0, 0, 0, 0, 0, 0, 
        0, 0, 0, 0, 0, 0, 0, 0, 0, 0, 0, 0, 0, 0, 0, 0, 0, 0, 
        0, 0, 0, 0.004, 0.004, 0.008, 0.004, 0, 0, 0, 0, 0, 0, 
        0.004, 0.008, 0.008, 0.004, 0, 0, 0, 0, 0, 0, 0, 0, 0, 
        0, 0, 0, 0, 0, 0, 0, 0, 0, 0, 0,  ],
    [ 0, 0, 0, 0, 0, 0, 0, 0, 0, 0, 0, 0, 0, 0, 0, 0, 0, 0, 0, 
        0.004, 0.004, 0.004, 0.004, 0.004, 0, 0, 0, 0, 0, 0, 
        0, 0, 0, 0, 0, 0, 0, 0, 0, 0, 0, 0, 0, 0, 0, 0, 0, 0, 
        0, 0, 0, 0, 0, 0, 0, 0, 0, 0, 0, 0, 0, 0, 0, 0, 0, 0, 
        0, 0, 0, 0, 0.004, 0.004, 0.004, 0.004, 0.004, 0.004, 
        0, 0, 0, 0, 0, 0, 0, 0, 0, 0, 0, 0, 0, 0, 0, 0, 0, 0, 
        0, 0, 0, 0, 0, 0,  ],
    [ 0, 0, 0, 0, 0, 0, 0, 0, 0, 0, 0, 0, 0, 0, 0, 0, 0, 0, 0, 
        0, 0, 0, 0, 0, 0, 0, 0, 0, 0, 0, 0, 0, 0, 0, 0, 0, 0, 
        0, 0, 0, 0, 0, 0, 0, 0, 0, 0, 0, 0, 0, 0, 0, 0, 0, 0, 
        0, 0, 0, 0, 0, 0, 0, 0, 0, 0, 0, 0, 0, 0, 0, 0, 0, 0, 
        0, 0, 0, 0, 0, 0, 0, 0, 0, 0, 0, 0, 0, 0, 0, 0, 0, 0, 
        0, 0, 0, 0, 0, 0, 0, 0, 0,  ],
    [ 0, 0, 0, 0, 0, 0, 0, 0, 0, 0, 0, 0, 0, 0, 0, 0, 0, 0, 0, 
        0, 0, 0, 0, 0, 0, 0, 0, 0, 0, 0, 0, 0, 0, 0, 0, 0, 0, 
        0, 0, 0, 0, 0, 0, 0, 0, 0, 0, 0, 0, 0, 0, 0, 0, 0, 0, 
        0, 0, 0, 0, 0, 0, 0, 0, 0, 0, 0, 0, 0, 0, 0, 0, 0, 0, 
        0, 0, 0, 0, 0, 0, 0, 0, 0, 0, 0, 0, 0, 0, 0, 0, 0, 0, 
        0, 0, 0, 0, 0, 0, 0, 0, 0,  ],
    [ 0.004, 0.004, 0.004, 0.004, 0.004, 0.004, 0.004, 0.004, 
        0.004, 0.004, 0.004, 0.004, 0.004, 0.004, 0.004, 0.004, 
        0.004, 0.004, 0.004, 0.004, 0.004, 0.004, 0.004, 0.004, 
        0.004, 0.004, 0.004, 0.004, 0.004, 0.004, 0.004, 0.004, 
        0.004, 0.004, 0.004, 0.004, 0.004, 0.004, 0.004, 0.004, 
        0.004, 0.004, 0.004, 0.004, 0.004, 0.004, 0.004, 0.004, 
        0.004, 0.004, 0.004, 0.004, 0.004, 0.004, 0.004, 0.004, 
        0.004, 0.004, 0.004, 0.004, 0.004, 0.004, 0.004, 0.004, 
        0.004, 0.004, 0.004, 0.004, 0.004, 0.004, 0.004, 0.004, 
        0.004, 0.004, 0.004, 0.004, 0.004, 0.004, 0.004, 0.004, 
        0.004, 0.004, 0.004, 0.004, 0.004, 0.004, 0.004, 0.004, 
        0.004, 0.004, 0.004, 0.004, 0.004, 0.004, 0.004, 0.004, 
        0.004, 0.004, 0.004, 0.004,  ],
    [ 0.012, 0.012, 0.012, 0.012, 0.012, 0.012, 0.012, 0.012, 
        0.012, 0.012, 0.012, 0.012, 0.012, 0.012, 0.012, 0.012, 
        0.012, 0.012, 0.012, 0.012, 0.012, 0.012, 0.012, 0.012, 
        0.012, 0.012, 0.012, 0.012, 0.012, 0.012, 0.012, 0.012, 
        0.012, 0.012, 0.012, 0.012, 0.012, 0.012, 0.012, 0.012, 
        0.012, 0.012, 0.012, 0.012, 0.012, 0.012, 0.012, 0.012, 
        0.012, 0.012, 0.012, 0.012, 0.012, 0.012, 0.012, 0.012, 
        0.012, 0.012, 0.012, 0.012, 0.012, 0.012, 0.012, 0.012, 
        0.012, 0.012, 0.012, 0.012, 0.012, 0.012, 0.012, 0.012, 
        0.012, 0.012, 0.012, 0.012, 0.012, 0.012, 0.012, 0.012, 
        0.012, 0.012, 0.012, 0.012, 0.012, 0.012, 0.012, 0.012, 
        0.012, 0.012, 0.012, 0.012, 0.012, 0.012, 0.012, 0.012, 
        0.012, 0.012, 0.012, 0.012,  ],
];

