// Image VSC-4weave.png (100x104)
// Original luminances: min=0, max=255
// Texture heights: min=0.0, max=1.0
texture = [
    [ 1, 1, 1, 1, 1, 1, 1, 1, 1, 1, 1, 1, 1, 1, 1, 1, 1, 1, 1, 
        1, 1, 1, 1, 1, 1, 1, 1, 1, 1, 1, 1, 1, 1, 1, 1, 1, 1, 
        1, 1, 1, 1, 1, 1, 1, 1, 1, 1, 1, 1, 1, 1, 1, 1, 1, 1, 
        1, 1, 1, 1, 1, 1, 1, 1, 1, 1, 1, 1, 1, 1, 1, 1, 1, 1, 
        1, 1, 1, 1, 1, 1, 1, 1, 1, 1, 1, 1, 1, 1, 1, 1, 1, 1, 
        1, 1, 1, 1, 1, 1, 1, 1, 1,  ],
    [ 0.996, 0.996, 0.996, 0.996, 0.996, 0.996, 0.996, 0.996, 
        0.996, 0.996, 0.996, 0.996, 0.996, 0.996, 0.996, 0.996, 
        0.996, 0.996, 0.996, 0.996, 0.996, 0.996, 0.996, 0.996, 
        0.996, 0.996, 0.996, 0.996, 0.996, 0.996, 0.996, 0.996, 
        0.996, 0.996, 0.996, 0.996, 0.996, 0.996, 0.996, 0.996, 
        0.996, 0.996, 0.996, 0.996, 0.996, 0.996, 0.996, 0.996, 
        0.996, 0.996, 0.996, 0.996, 0.996, 0.996, 0.996, 0.996, 
        0.996, 0.996, 0.996, 0.996, 0.996, 0.996, 0.996, 0.996, 
        0.996, 0.996, 0.996, 0.996, 0.996, 0.996, 0.996, 0.996, 
        0.996, 0.996, 0.996, 0.996, 0.996, 0.996, 0.996, 0.996, 
        0.996, 0.996, 0.996, 0.996, 0.996, 0.996, 0.996, 0.996, 
        0.996, 0.996, 0.996, 0.996, 0.996, 0.996, 0.996, 0.996, 
        0.996, 0.996, 0.996, 0.996,  ],
    [ 1, 1, 1, 1, 1, 1, 1, 1, 1, 1, 1, 1, 1, 1, 0.996, 0.996, 
        0.996, 0.996, 0.992, 0.992, 0.992, 0.992, 0.992, 0.992, 
        0.992, 0.992, 0.996, 1, 1, 1, 1, 1, 1, 1, 1, 1, 1, 1, 
        1, 1, 1, 1, 1, 1, 1, 1, 1, 1, 1, 1, 1, 1, 1, 1, 1, 1, 
        1, 1, 1, 1, 1, 1, 1, 1, 1, 1, 1, 1, 0.996, 0.996, 0.992, 
        0.992, 0.992, 0.992, 0.992, 0.992, 0.992, 0.996, 0.996, 
        1, 1, 1, 1, 1, 1, 1, 1, 1, 1, 1, 1, 1, 1, 1, 1, 1, 1, 
        1, 1, 1,  ],
    [ 1, 1, 1, 1, 1, 1, 1, 1, 1, 1, 1, 1, 0.996, 0.996, 0.988, 
        0.984, 0.988, 0.988, 0.969, 0.957, 0.953, 0.949, 0.949, 
        0.953, 0.957, 0.969, 0.988, 0.992, 0.988, 0.992, 0.996, 
        0.996, 1, 1, 1, 1, 1, 1, 1, 1, 1, 1, 1, 1, 1, 1, 1, 1, 
        1, 1, 1, 1, 1, 1, 1, 1, 1, 1, 1, 1, 1, 1, 1, 1, 1, 0.996, 
        0.992, 0.996, 0.992, 0.976, 0.961, 0.953, 0.953, 0.949, 
        0.953, 0.957, 0.965, 0.984, 0.996, 0.992, 0.992, 0.996, 
        1, 1, 1, 1, 1, 1, 1, 1, 1, 1, 1, 1, 1, 1, 1, 1, 1, 1, 
         ],
    [ 1, 1, 1, 1, 1, 1, 1, 1, 1, 1, 1, 0.992, 0.988, 0.988, 0.976, 
        0.945, 0.898, 0.824, 0.694, 0.627, 0.592, 0.58, 0.58, 
        0.588, 0.624, 0.702, 0.827, 0.898, 0.945, 0.98, 0.988, 
        0.988, 0.992, 0.996, 1, 1, 1, 1, 1, 1, 1, 1, 1, 1, 1, 
        1, 1, 1, 1, 1, 1, 1, 1, 1, 1, 1, 1, 1, 1, 1, 1, 1, 1, 
        0.996, 0.992, 0.984, 0.957, 0.918, 0.859, 0.745, 0.655, 
        0.6, 0.588, 0.584, 0.588, 0.616, 0.671, 0.792, 0.882, 
        0.933, 0.969, 0.992, 0.992, 0.996, 1, 1, 1, 1, 1, 1, 
        1, 1, 1, 1, 1, 1, 1, 1, 1, 1,  ],
    [ 1, 1, 1, 1, 1, 1, 1, 1, 1, 0.996, 0.988, 0.992, 0.965, 
        0.902, 0.741, 0.545, 0.345, 0.231, 0.106, 0.059, 0.047, 
        0.035, 0.035, 0.043, 0.055, 0.114, 0.235, 0.353, 0.557, 
        0.761, 0.918, 0.969, 0.988, 0.988, 0.988, 1, 1, 1, 1, 
        1, 1, 1, 1, 1, 1, 1, 1, 1, 1, 1, 1, 1, 1, 1, 1, 1, 1, 
        1, 1, 1, 0.996, 0.992, 0.988, 0.976, 0.929, 0.804, 0.616, 
        0.4, 0.271, 0.157, 0.075, 0.051, 0.039, 0.035, 0.043, 
        0.051, 0.086, 0.2, 0.306, 0.482, 0.694, 0.855, 0.949, 
        0.992, 0.992, 1, 1, 1, 1, 1, 1, 1, 1, 1, 1, 1, 1, 1, 
        1, 1,  ],
    [ 1, 1, 1, 1, 1, 1, 1, 0.996, 0.992, 0.992, 0.976, 0.898, 
        0.663, 0.369, 0.137, 0.027, 0, 0, 0, 0, 0.004, 0.004, 
        0.004, 0.004, 0, 0, 0, 0, 0.031, 0.157, 0.396, 0.686, 
        0.914, 0.98, 0.984, 0.992, 1, 1, 1, 1, 1, 1, 1, 1, 1, 
        1, 1, 1, 1, 1, 1, 1, 1, 1, 1, 1, 1, 1, 1, 0.996, 0.988, 
        0.988, 0.933, 0.753, 0.471, 0.204, 0.051, 0, 0, 0, 0, 
        0, 0, 0, 0, 0, 0, 0, 0, 0.016, 0.094, 0.286, 0.58, 0.843, 
        0.957, 0.996, 0.996, 1, 1, 1, 1, 1, 1, 1, 1, 1, 1, 1, 
        1, 1,  ],
    [ 1, 1, 1, 1, 0.996, 0.992, 0.996, 0.992, 0.996, 0.941, 0.733, 
        0.353, 0.082, 0, 0, 0.004, 0.008, 0.008, 0.012, 0.012, 
        0.012, 0.012, 0.012, 0.012, 0.012, 0.012, 0.012, 0.012, 
        0, 0, 0, 0.094, 0.388, 0.761, 0.949, 0.992, 0.992, 1, 
        1, 1, 1, 1, 1, 1, 1, 1, 1, 1, 1, 1, 1, 1, 1, 1, 1, 1, 
        1, 1, 0.996, 0.988, 0.965, 0.835, 0.478, 0.149, 0, 0, 
        0, 0.008, 0.008, 0.008, 0.008, 0.008, 0.008, 0.008, 0.008, 
        0.008, 0.008, 0.008, 0.012, 0.004, 0, 0, 0.039, 0.255, 
        0.627, 0.918, 0.988, 0.992, 1, 1, 1, 1, 1, 1, 1, 1, 1, 
        1, 1, 1,  ],
    [ 1, 1, 1, 1, 0.984, 0.996, 0.992, 0.992, 0.914, 0.522, 0.129, 
        0.004, 0, 0.012, 0.008, 0.008, 0.012, 0.012, 0.012, 0.012, 
        0.02, 0.024, 0.024, 0.02, 0.008, 0.012, 0.012, 0.012, 
        0.008, 0.012, 0.012, 0, 0, 0.157, 0.576, 0.922, 0.996, 
        0.992, 1, 1, 1, 1, 1, 1, 1, 1, 1, 1, 1, 1, 1, 1, 1, 1, 
        1, 1, 0.996, 0.992, 0.996, 0.945, 0.675, 0.235, 0.004, 
        0, 0.008, 0.008, 0.004, 0.008, 0.012, 0.012, 0.008, 0.016, 
        0.024, 0.024, 0.02, 0.012, 0.004, 0.012, 0.008, 0.004, 
        0.008, 0.012, 0, 0, 0.055, 0.392, 0.827, 0.976, 0.988, 
        1, 1, 1, 1, 1, 1, 1, 1, 1, 1, 1,  ],
    [ 1, 1, 1, 0.996, 0.992, 0.992, 0.988, 0.855, 0.388, 0.016, 
        0.004, 0.016, 0.012, 0.004, 0.012, 0.008, 0.024, 0.063, 
        0.086, 0.165, 0.227, 0.259, 0.259, 0.227, 0.157, 0.086, 
        0.059, 0.02, 0.008, 0.012, 0.008, 0.012, 0.012, 0.004, 
        0.031, 0.431, 0.894, 0.996, 0.992, 1, 1, 1, 1, 1, 1, 
        1, 1, 1, 1, 1, 1, 1, 1, 1, 1, 0.996, 0.988, 0.996, 0.933, 
        0.553, 0.098, 0, 0.008, 0.008, 0.004, 0.008, 0.008, 0.016, 
        0.051, 0.078, 0.141, 0.216, 0.255, 0.263, 0.243, 0.184, 
        0.098, 0.071, 0.035, 0.008, 0.012, 0.004, 0.004, 0.012, 
        0, 0.004, 0.243, 0.753, 0.969, 0.988, 1, 1, 1, 1, 1, 
        1, 1, 1, 1, 1,  ],
    [ 1, 1, 1, 1, 0.988, 0.992, 0.835, 0.294, 0, 0.004, 0.016, 
        0.004, 0.008, 0.012, 0.035, 0.098, 0.271, 0.486, 0.631, 
        0.745, 0.835, 0.867, 0.867, 0.835, 0.737, 0.624, 0.471, 
        0.243, 0.09, 0.031, 0.012, 0.012, 0.008, 0.016, 0, 0, 
        0.361, 0.878, 0.996, 0.996, 1, 1, 1, 1, 1, 1, 1, 1, 1, 
        1, 1, 1, 1, 1, 0.996, 0.992, 0.992, 0.937, 0.482, 0.031, 
        0, 0.012, 0.004, 0.004, 0.008, 0.02, 0.075, 0.204, 0.416, 
        0.588, 0.718, 0.816, 0.863, 0.871, 0.851, 0.773, 0.655, 
        0.545, 0.329, 0.141, 0.051, 0.008, 0.008, 0.004, 0.008, 
        0.016, 0.004, 0.165, 0.702, 0.973, 0.988, 1, 1, 1, 1, 
        1, 1, 1, 1, 1,  ],
    [ 1, 1, 1, 0.992, 1, 0.871, 0.298, 0.004, 0.012, 0.012, 0.008, 
        0.012, 0.016, 0.086, 0.333, 0.647, 0.878, 0.984, 1, 1, 
        1, 1, 1, 1, 1, 1, 0.98, 0.867, 0.627, 0.314, 0.078, 0.012, 
        0.012, 0.004, 0.012, 0.004, 0, 0.349, 0.91, 1, 0.996, 
        1, 1, 1, 1, 1, 1, 1, 1, 1, 1, 1, 1, 1, 0.996, 0.992, 
        0.953, 0.506, 0.012, 0, 0.012, 0, 0.008, 0.008, 0.063, 
        0.243, 0.553, 0.827, 0.961, 1, 1, 1, 1, 1, 1, 1, 1, 1, 
        0.922, 0.733, 0.427, 0.133, 0.031, 0.012, 0.004, 0.004, 
        0.012, 0.004, 0.141, 0.725, 0.984, 0.992, 1, 1, 1, 1, 
        1, 1, 1, 1,  ],
    [ 1, 1, 0.996, 0.996, 0.937, 0.369, 0, 0.016, 0.008, 0.008, 
        0.012, 0.031, 0.208, 0.612, 0.925, 1, 1, 1, 0.988, 0.988, 
        0.988, 0.988, 0.992, 0.992, 0.992, 0.992, 1, 1, 1, 0.914, 
        0.584, 0.169, 0.024, 0.012, 0.008, 0.008, 0.008, 0, 0.424, 
        0.949, 0.988, 1, 1, 1, 1, 1, 1, 1, 1, 1, 1, 1, 0.996, 
        0.996, 0.988, 0.973, 0.604, 0.035, 0, 0.012, 0, 0.008, 
        0.012, 0.118, 0.486, 0.859, 1, 1, 1, 0.992, 0.992, 0.992, 
        0.992, 0.992, 0.992, 0.992, 0.992, 0.996, 1, 1, 0.973, 
        0.718, 0.314, 0.055, 0.008, 0.004, 0, 0.012, 0.004, 0.192, 
        0.816, 1, 0.992, 1, 1, 1, 1, 1, 1, 1,  ],
    [ 1, 1, 0.992, 0.973, 0.529, 0, 0.008, 0.012, 0.008, 0.012, 
        0.035, 0.298, 0.808, 1, 1, 0.988, 0.992, 0.992, 0.996, 
        0.996, 0.996, 0.996, 0.996, 0.996, 0.996, 0.996, 0.996, 
        0.992, 0.992, 1, 1, 0.769, 0.263, 0.027, 0.012, 0.008, 
        0.008, 0.004, 0.012, 0.592, 0.984, 0.988, 1, 1, 1, 1, 
        1, 1, 1, 1, 1, 1, 0.996, 0.988, 1, 0.757, 0.102, 0.004, 
        0.012, 0, 0.012, 0.012, 0.165, 0.663, 0.996, 1, 0.996, 
        0.992, 0.996, 1, 1, 1, 1, 1, 1, 1, 1, 1, 0.996, 0.992, 
        1, 1, 0.906, 0.455, 0.067, 0.008, 0.004, 0, 0.016, 0, 
        0.31, 0.933, 0.988, 0.996, 1, 1, 1, 1, 1, 1,  ],
    [ 1, 0.992, 1, 0.765, 0.098, 0.004, 0.012, 0.004, 0.012, 
        0.027, 0.329, 0.886, 1, 0.992, 0.996, 1, 1, 0.996, 0.996, 
        0.992, 0.988, 0.988, 0.992, 0.996, 0.996, 1, 1, 1, 1, 
        0.992, 0.992, 1, 0.847, 0.282, 0.024, 0.016, 0.008, 0.012, 
        0.004, 0.137, 0.827, 1, 0.996, 1, 1, 1, 1, 1, 1, 1, 1, 
        1, 0.996, 0.996, 0.941, 0.282, 0, 0.016, 0, 0.012, 0.008, 
        0.169, 0.737, 1, 1, 0.992, 1, 1, 1, 1, 1, 1, 0.996, 0.992, 
        0.992, 0.996, 1, 1, 1, 1, 0.996, 0.988, 1, 0.976, 0.506, 
        0.059, 0.008, 0.004, 0.004, 0.008, 0.008, 0.569, 0.984, 
        0.988, 1, 1, 1, 1, 1, 1,  ],
    [ 1, 0.992, 0.965, 0.325, 0, 0.016, 0.004, 0.012, 0.012, 
        0.267, 0.886, 0.996, 0.988, 1, 1, 1, 0.996, 0.992, 0.992, 
        0.988, 0.973, 0.973, 0.984, 0.996, 0.988, 0.996, 1, 1, 
        1, 1, 1, 0.988, 0.996, 0.843, 0.227, 0.008, 0.016, 0, 
        0.02, 0, 0.4, 0.976, 0.992, 0.996, 1, 1, 1, 1, 1, 1, 
        1, 1, 0.988, 0.996, 0.608, 0.004, 0.008, 0.004, 0.008, 
        0, 0.118, 0.718, 0.996, 0.992, 0.996, 1, 1, 1, 1, 1, 
        0.992, 0.992, 0.988, 0.976, 0.976, 0.984, 1, 0.992, 0.996, 
        1, 1, 1, 0.988, 1, 0.984, 0.459, 0.035, 0.012, 0, 0.012, 
        0.004, 0.145, 0.851, 1, 0.992, 0.996, 1, 1, 1, 1,  ],
    [ 0.992, 1, 0.71, 0.035, 0.004, 0.004, 0.012, 0, 0.149, 0.812, 
        0.996, 0.984, 1, 1, 1, 0.996, 1, 0.961, 0.91, 0.804, 
        0.725, 0.725, 0.792, 0.902, 0.953, 0.996, 0.992, 1, 1, 
        1, 1, 1, 0.988, 1, 0.757, 0.114, 0, 0.012, 0.008, 0.008, 
        0.071, 0.776, 1, 0.988, 1, 1, 1, 1, 1, 1, 1, 0.996, 1, 
        0.925, 0.2, 0, 0.012, 0, 0.012, 0.043, 0.6, 1, 0.984, 
        0.996, 1, 1, 1, 1, 0.996, 0.996, 0.969, 0.918, 0.831, 
        0.749, 0.733, 0.788, 0.898, 0.945, 0.992, 0.992, 1, 1, 
        1, 0.988, 1, 0.949, 0.31, 0.008, 0.012, 0, 0.016, 0, 
        0.471, 0.988, 0.984, 0.992, 1, 1, 1, 1,  ],
    [ 0.988, 0.98, 0.353, 0, 0.016, 0.008, 0.012, 0.031, 0.596, 
        1, 0.984, 0.996, 1, 1, 0.992, 0.996, 0.914, 0.643, 0.365, 
        0.192, 0.106, 0.106, 0.18, 0.314, 0.584, 0.886, 0.98, 
        0.992, 1, 1, 1, 1, 1, 0.988, 1, 0.525, 0.024, 0.016, 
        0.008, 0.02, 0, 0.4, 0.988, 0.988, 1, 1, 1, 1, 1, 1, 
        1, 0.988, 1, 0.643, 0, 0.008, 0.004, 0.012, 0.004, 0.333, 
        0.961, 0.988, 0.992, 1, 1, 1, 1, 0.996, 0.996, 0.925, 
        0.686, 0.392, 0.224, 0.137, 0.114, 0.176, 0.306, 0.557, 
        0.859, 0.976, 0.992, 1, 1, 1, 0.988, 1, 0.792, 0.106, 
        0, 0.008, 0.012, 0, 0.137, 0.875, 1, 0.988, 1, 1, 1, 
        1,  ],
    [ 1, 0.827, 0.094, 0, 0.012, 0.016, 0, 0.251, 0.949, 1, 0.992, 
        0.996, 1, 0.996, 0.996, 0.871, 0.38, 0.043, 0.004, 0, 
        0, 0, 0, 0, 0.024, 0.294, 0.78, 0.98, 0.992, 1, 1, 1, 
        1, 0.992, 1, 0.906, 0.2, 0, 0.016, 0.008, 0, 0.114, 0.882, 
        1, 0.992, 1, 1, 1, 1, 1, 1, 0.996, 0.984, 0.318, 0, 0.016, 
        0.008, 0.004, 0.063, 0.761, 1, 0.976, 0.996, 1, 1, 1, 
        0.996, 1, 0.89, 0.439, 0.075, 0.004, 0.004, 0, 0, 0, 
        0.004, 0.02, 0.263, 0.745, 0.976, 0.988, 1, 1, 1, 0.992, 
        1, 0.475, 0.008, 0.016, 0, 0.012, 0, 0.608, 1, 0.988, 
        1, 1, 1, 1,  ],
    [ 1, 0.584, 0, 0.012, 0.004, 0.016, 0.02, 0.624, 1, 0.988, 
        0.996, 0.996, 0.996, 1, 0.902, 0.302, 0.004, 0.004, 0.016, 
        0.008, 0.008, 0.008, 0.008, 0.012, 0, 0.004, 0.188, 0.796, 
        0.996, 0.996, 1, 1, 1, 1, 0.988, 1, 0.549, 0.012, 0.016, 
        0.004, 0.012, 0, 0.647, 1, 0.984, 1, 1, 1, 1, 1, 0.996, 
        1, 0.863, 0.082, 0, 0.004, 0.012, 0, 0.333, 0.988, 0.988, 
        0.988, 0.996, 1, 1, 1, 1, 0.925, 0.361, 0, 0, 0.02, 0.016, 
        0.012, 0.012, 0.012, 0.016, 0.012, 0.004, 0.145, 0.757, 
        0.996, 0.992, 1, 1, 0.992, 1, 0.831, 0.094, 0.004, 0.004, 
        0.016, 0, 0.333, 0.988, 0.992, 1, 1, 1, 1,  ],
    [ 0.992, 0.365, 0, 0.016, 0.008, 0, 0.145, 0.886, 1, 0.992, 
        0.996, 1, 0.988, 0.976, 0.443, 0, 0.02, 0.016, 0.004, 
        0.008, 0, 0, 0.008, 0, 0.008, 0.016, 0, 0.286, 0.941, 
        1, 0.996, 1, 1, 1, 0.992, 1, 0.839, 0.102, 0, 0.008, 
        0.016, 0, 0.416, 0.996, 0.988, 1, 1, 1, 1, 1, 0.992, 
        1, 0.678, 0, 0.012, 0.004, 0.012, 0.012, 0.639, 1, 0.976, 
        0.996, 1, 1, 1, 0.988, 0.984, 0.522, 0, 0.012, 0.012, 
        0.008, 0.012, 0.008, 0.004, 0.012, 0.004, 0.008, 0.02, 
        0.004, 0.224, 0.914, 1, 0.996, 1, 1, 0.996, 0.992, 0.349, 
        0, 0.012, 0.008, 0, 0.149, 0.894, 1, 0.996, 1, 1, 1, 
         ],
    [ 0.933, 0.176, 0, 0.016, 0.016, 0, 0.349, 1, 0.996, 0.996, 
        0.996, 0.992, 1, 0.792, 0.067, 0.004, 0.016, 0.004, 0.008, 
        0.031, 0.09, 0.102, 0.043, 0, 0, 0.004, 0.008, 0.008, 
        0.651, 1, 0.988, 1, 1, 1, 1, 0.996, 0.988, 0.286, 0, 
        0.016, 0.012, 0, 0.212, 0.969, 1, 0.996, 1, 1, 1, 1, 
        0.988, 1, 0.451, 0, 0.016, 0.008, 0, 0.094, 0.859, 1, 
        0.984, 1, 1, 1, 0.996, 1, 0.851, 0.129, 0.004, 0.016, 
        0.008, 0.012, 0.024, 0.086, 0.102, 0.051, 0.004, 0.004, 
        0.008, 0.016, 0, 0.573, 1, 0.988, 1, 1, 0.988, 1, 0.604, 
        0.004, 0.016, 0.004, 0.004, 0.024, 0.745, 1, 0.992, 1, 
        1, 1,  ],
    [ 0.863, 0.082, 0, 0.012, 0.02, 0, 0.545, 1, 0.988, 0.996, 
        0.996, 0.988, 1, 0.51, 0, 0.02, 0.004, 0.012, 0.016, 
        0.31, 0.639, 0.663, 0.388, 0.039, 0.008, 0.008, 0.016, 
        0, 0.341, 0.992, 0.988, 1, 1, 1, 1, 0.988, 1, 0.467, 
        0, 0.024, 0.012, 0, 0.086, 0.91, 1, 0.996, 0.996, 0.996, 
        1, 1, 0.992, 1, 0.294, 0, 0.016, 0.012, 0, 0.247, 0.961, 
        0.996, 0.992, 1, 1, 1, 0.988, 1, 0.608, 0, 0.016, 0.012, 
        0.02, 0.008, 0.255, 0.612, 0.659, 0.416, 0.043, 0.008, 
        0.004, 0.016, 0, 0.259, 0.98, 0.992, 1, 1, 0.992, 1, 
        0.769, 0.047, 0.008, 0.004, 0.016, 0, 0.631, 1, 0.988, 
        1, 1, 1,  ],
    [ 0.776, 0.047, 0.008, 0.008, 0.012, 0.016, 0.71, 1, 0.988, 
        1, 1, 0.996, 0.996, 0.318, 0, 0.016, 0.012, 0, 0.133, 
        0.875, 0.996, 0.996, 0.949, 0.29, 0, 0.02, 0.012, 0, 
        0.188, 0.929, 1, 0.996, 1, 1, 1, 0.988, 1, 0.627, 0.027, 
        0.031, 0.031, 0.031, 0.055, 0.835, 1, 0.988, 0.988, 0.965, 
        0.988, 0.996, 1, 0.984, 0.227, 0, 0.012, 0.016, 0, 0.396, 
        1, 0.988, 1, 1, 1, 1, 0.992, 1, 0.416, 0.024, 0.031, 
        0.031, 0.024, 0.102, 0.816, 0.996, 0.996, 0.973, 0.333, 
        0, 0.016, 0.012, 0, 0.118, 0.871, 1, 0.992, 1, 0.992, 
        1, 0.894, 0.137, 0, 0.008, 0.016, 0, 0.545, 1, 0.988, 
        1, 1, 1,  ],
    [ 0.71, 0.024, 0.012, 0.008, 0.008, 0.031, 0.769, 1, 0.992, 
        1, 1, 1, 0.973, 0.231, 0, 0.016, 0.016, 0, 0.294, 1, 
        0.976, 0.976, 1, 0.514, 0, 0.02, 0.008, 0, 0.125, 0.875, 
        1, 0.988, 0.992, 0.996, 0.996, 0.988, 1, 0.796, 0.298, 
        0.306, 0.306, 0.306, 0.318, 0.835, 1, 0.98, 0.988, 0.976, 
        0.988, 0.988, 1, 0.949, 0.184, 0, 0.012, 0.016, 0, 0.475, 
        1, 0.984, 0.996, 0.996, 0.996, 0.992, 0.992, 0.988, 0.514, 
        0.278, 0.314, 0.31, 0.275, 0.455, 1, 0.988, 0.973, 1, 
        0.573, 0, 0.016, 0.012, 0, 0.055, 0.816, 1, 0.992, 1, 
        0.996, 1, 0.949, 0.184, 0, 0.008, 0.016, 0, 0.467, 1, 
        0.992, 1, 1, 1,  ],
    [ 0.686, 0.016, 0.012, 0.008, 0.008, 0.039, 0.78, 1, 0.992, 
        1, 1, 1, 0.988, 0.29, 0, 0.016, 0.016, 0, 0.18, 0.914, 
        0.98, 0.984, 1, 0.529, 0, 0.02, 0.008, 0, 0.106, 0.859, 
        1, 0.988, 0.984, 0.984, 0.984, 0.984, 0.984, 0.976, 0.922, 
        0.925, 0.925, 0.925, 0.922, 0.976, 0.984, 0.984, 0.984, 
        0.984, 0.984, 0.988, 1, 0.937, 0.173, 0, 0.008, 0.016, 
        0, 0.502, 1, 0.984, 0.984, 0.984, 0.984, 0.984, 0.984, 
        0.984, 0.941, 0.918, 0.918, 0.918, 0.914, 0.937, 0.984, 
        0.984, 0.988, 0.945, 0.412, 0, 0.016, 0.012, 0, 0.098, 
        0.859, 1, 0.992, 1, 0.996, 1, 0.953, 0.196, 0, 0.008, 
        0.016, 0, 0.451, 1, 0.992, 1, 1, 1,  ],
    [ 0.722, 0.027, 0.012, 0.008, 0.008, 0.027, 0.757, 1, 0.992, 
        1, 1, 0.992, 1, 0.478, 0, 0.02, 0.008, 0, 0, 0.396, 0.765, 
        0.918, 1, 0.529, 0, 0.024, 0.008, 0, 0.11, 0.863, 1, 
        0.835, 0.792, 0.8, 0.796, 0.796, 0.796, 0.796, 0.808, 
        0.808, 0.808, 0.808, 0.808, 0.796, 0.796, 0.796, 0.796, 
        0.8, 0.792, 0.827, 1, 0.937, 0.169, 0, 0.008, 0.016, 
        0, 0.502, 1, 0.922, 0.792, 0.796, 0.796, 0.796, 0.796, 
        0.796, 0.804, 0.808, 0.804, 0.804, 0.808, 0.8, 0.796, 
        0.804, 0.804, 0.557, 0.075, 0, 0.008, 0.016, 0, 0.239, 
        0.961, 1, 0.996, 1, 0.996, 1, 0.941, 0.176, 0, 0.012, 
        0.012, 0, 0.486, 1, 0.992, 1, 1, 1,  ],
    [ 0.792, 0.051, 0.008, 0.008, 0.012, 0.012, 0.671, 1, 0.988, 
        1, 1, 0.988, 1, 0.745, 0.043, 0.012, 0.012, 0.008, 0, 
        0.008, 0.122, 0.706, 1, 0.522, 0, 0.024, 0.008, 0, 0.098, 
        0.867, 0.988, 0.341, 0.169, 0.2, 0.188, 0.188, 0.184, 
        0.184, 0.18, 0.18, 0.18, 0.18, 0.18, 0.184, 0.184, 0.184, 
        0.184, 0.192, 0.169, 0.314, 0.996, 0.941, 0.169, 0, 0.008, 
        0.016, 0, 0.502, 1, 0.733, 0.18, 0.188, 0.184, 0.184, 
        0.184, 0.184, 0.18, 0.18, 0.18, 0.18, 0.18, 0.18, 0.188, 
        0.196, 0.188, 0.039, 0, 0.012, 0.008, 0.016, 0.012, 0.502, 
        1, 0.988, 1, 1, 0.992, 1, 0.875, 0.122, 0, 0.008, 0.012, 
        0, 0.557, 1, 0.988, 1, 1, 1,  ],
    [ 0.875, 0.094, 0, 0.008, 0.016, 0, 0.49, 1, 0.988, 1, 1, 
        1, 0.996, 0.98, 0.357, 0.02, 0.024, 0.012, 0.008, 0.016, 
        0, 0.643, 1, 0.522, 0, 0.024, 0.008, 0, 0.094, 0.867, 
        0.98, 0.2, 0, 0.004, 0.004, 0, 0, 0, 0, 0, 0, 0, 0, 0, 
        0, 0, 0, 0.004, 0, 0.161, 0.992, 0.941, 0.169, 0, 0.008, 
        0.016, 0, 0.498, 1, 0.682, 0, 0.004, 0, 0, 0, 0, 0, 0, 
        0, 0, 0, 0, 0, 0, 0, 0, 0.008, 0.004, 0.016, 0, 0.161, 
        0.863, 1, 0.992, 1, 1, 0.992, 1, 0.733, 0.031, 0.008, 
        0.004, 0.016, 0.004, 0.651, 1, 0.988, 1, 1, 1,  ],
    [ 0.941, 0.196, 0, 0.016, 0.02, 0, 0.302, 0.98, 0.996, 1, 
        1, 1, 0.992, 1, 0.839, 0.22, 0.027, 0.02, 0.012, 0.016, 
        0, 0.655, 1, 0.522, 0, 0.024, 0.008, 0, 0.094, 0.863, 
        0.984, 0.227, 0, 0.024, 0.016, 0.012, 0.012, 0.008, 0.008, 
        0.008, 0.008, 0.008, 0.008, 0.008, 0.008, 0.008, 0.008, 
        0.016, 0, 0.184, 0.996, 0.941, 0.169, 0, 0.008, 0.016, 
        0, 0.498, 1, 0.69, 0.012, 0.016, 0.008, 0.008, 0.008, 
        0.008, 0.008, 0.008, 0.008, 0.008, 0.008, 0.008, 0.008, 
        0.008, 0.008, 0.004, 0.004, 0.012, 0.012, 0.094, 0.655, 
        1, 0.992, 1, 1, 1, 0.988, 1, 0.545, 0, 0.02, 0, 0.004, 
        0.043, 0.773, 1, 0.992, 1, 1, 1,  ],
    [ 1, 0.396, 0, 0.02, 0.012, 0.004, 0.114, 0.835, 1, 0.996, 
        1, 1, 1, 0.992, 1, 0.784, 0.282, 0.071, 0.024, 0.024, 
        0, 0.651, 1, 0.522, 0, 0.024, 0.008, 0, 0.094, 0.863, 
        0.984, 0.22, 0, 0.02, 0.012, 0.008, 0.008, 0.004, 0.004, 
        0.004, 0.004, 0.004, 0.004, 0.004, 0.004, 0.004, 0.004, 
        0.012, 0, 0.184, 0.996, 0.941, 0.169, 0, 0.008, 0.016, 
        0, 0.498, 1, 0.69, 0.008, 0.012, 0.004, 0.004, 0.004, 
        0.004, 0.004, 0.004, 0.004, 0.004, 0.004, 0.004, 0.004, 
        0.004, 0.004, 0.008, 0.016, 0.051, 0.176, 0.631, 0.988, 
        0.996, 1, 1, 1, 1, 0.996, 0.973, 0.29, 0, 0.016, 0.008, 
        0, 0.188, 0.925, 1, 0.996, 1, 1, 1,  ],
    [ 1, 0.627, 0.016, 0.016, 0.004, 0.016, 0, 0.549, 0.992, 
        0.992, 1, 1, 1, 1, 0.992, 1, 0.875, 0.529, 0.263, 0.141, 
        0.09, 0.678, 1, 0.522, 0, 0.02, 0.008, 0, 0.094, 0.863, 
        0.984, 0.275, 0.082, 0.102, 0.094, 0.09, 0.09, 0.09, 
        0.09, 0.09, 0.09, 0.09, 0.09, 0.09, 0.09, 0.09, 0.09, 
        0.098, 0.082, 0.239, 0.992, 0.941, 0.169, 0, 0.008, 0.016, 
        0, 0.498, 1, 0.706, 0.082, 0.094, 0.09, 0.09, 0.09, 0.09, 
        0.09, 0.09, 0.09, 0.09, 0.09, 0.09, 0.09, 0.09, 0.098, 
        0.118, 0.2, 0.427, 0.773, 1, 0.996, 0.996, 1, 1, 1, 0.992, 
        1, 0.757, 0.063, 0.004, 0.008, 0.012, 0, 0.384, 1, 0.996, 
        1, 1, 1, 1,  ],
    [ 1, 0.863, 0.133, 0, 0.012, 0.016, 0.004, 0.192, 0.886, 
        1, 0.996, 1, 1, 1, 1, 0.992, 1, 1, 0.859, 0.71, 0.651, 
        0.863, 1, 0.529, 0, 0.02, 0.008, 0, 0.094, 0.859, 1, 
        0.686, 0.596, 0.616, 0.612, 0.612, 0.612, 0.612, 0.608, 
        0.608, 0.608, 0.608, 0.608, 0.612, 0.612, 0.612, 0.612, 
        0.616, 0.6, 0.671, 1, 0.941, 0.173, 0, 0.008, 0.016, 
        0, 0.502, 1, 0.867, 0.604, 0.616, 0.612, 0.612, 0.612, 
        0.612, 0.612, 0.608, 0.608, 0.608, 0.608, 0.608, 0.612, 
        0.604, 0.631, 0.69, 0.8, 0.969, 1, 0.996, 0.996, 1, 1, 
        1, 1, 0.988, 0.965, 0.384, 0, 0.02, 0, 0.012, 0.024, 
        0.667, 1, 0.988, 1, 1, 1, 1,  ],
    [ 0.992, 1, 0.408, 0.004, 0.02, 0.004, 0.016, 0, 0.49, 0.969, 
        0.988, 1, 1, 1, 1, 1, 0.992, 0.996, 1, 1, 1, 0.992, 1, 
        0.533, 0, 0.02, 0.008, 0, 0.098, 0.851, 1, 0.996, 1, 
        1, 1, 0.996, 1, 0.984, 0.937, 0.937, 0.937, 0.937, 0.937, 
        0.984, 1, 1, 1, 1, 1, 0.996, 1, 0.941, 0.176, 0, 0.008, 
        0.016, 0, 0.506, 1, 0.988, 1, 1, 1, 1, 1, 1, 0.953, 0.929, 
        0.933, 0.933, 0.929, 0.949, 1, 1, 1, 1, 1, 1, 0.992, 
        1, 1, 1, 1, 1, 0.988, 0.992, 0.702, 0.067, 0.004, 0.008, 
        0.008, 0, 0.216, 0.914, 1, 0.996, 1, 1, 1, 1,  ],
    [ 0.988, 1, 0.761, 0.082, 0.012, 0.008, 0.012, 0.004, 0.086, 
        0.718, 0.984, 0.988, 1, 1, 1, 1, 1, 1, 0.992, 0.992, 
        0.988, 0.984, 1, 0.533, 0, 0.02, 0.008, 0, 0.098, 0.851, 
        1, 0.984, 0.988, 0.988, 0.988, 0.984, 1, 0.882, 0.502, 
        0.51, 0.51, 0.51, 0.514, 0.871, 1, 0.988, 0.988, 0.988, 
        0.988, 0.984, 1, 0.937, 0.173, 0, 0.008, 0.016, 0, 0.506, 
        1, 0.984, 0.992, 0.992, 0.992, 0.992, 0.992, 0.988, 0.631, 
        0.467, 0.49, 0.49, 0.463, 0.612, 1, 0.988, 0.988, 0.988, 
        0.992, 0.996, 1, 1, 1, 1, 1, 0.992, 1, 0.867, 0.227, 
        0.004, 0.016, 0, 0.012, 0.024, 0.576, 1, 0.992, 1, 1, 
        1, 1, 1,  ],
    [ 0.996, 0.996, 0.984, 0.416, 0.012, 0.016, 0.004, 0.016, 
        0.004, 0.204, 0.812, 0.984, 0.988, 1, 1, 1, 1, 1, 1, 
        1, 1, 0.988, 1, 0.533, 0, 0.024, 0.008, 0, 0.098, 0.855, 
        1, 0.988, 0.996, 0.996, 0.996, 0.984, 1, 0.769, 0.016, 
        0.012, 0.012, 0.004, 0.024, 0.757, 1, 0.984, 0.996, 0.996, 
        0.996, 0.992, 1, 0.933, 0.173, 0, 0.008, 0.016, 0, 0.506, 
        1, 0.984, 1, 1, 1, 1, 0.996, 0.984, 0.294, 0, 0.024, 
        0.02, 0, 0.251, 1, 0.992, 0.992, 0.996, 1, 1, 1, 1, 1, 
        1, 0.992, 0.996, 0.918, 0.365, 0, 0.02, 0.004, 0.008, 
        0, 0.224, 0.902, 1, 0.996, 1, 1, 1, 1, 1,  ],
    [ 1, 0.988, 1, 0.835, 0.161, 0, 0.016, 0.008, 0.016, 0.004, 
        0.243, 0.792, 0.969, 0.988, 0.992, 1, 1, 1, 1, 1, 1, 
        0.988, 1, 0.533, 0, 0.024, 0.012, 0, 0.102, 0.855, 1, 
        0.988, 0.996, 0.996, 0.996, 0.984, 1, 0.769, 0.016, 0.004, 
        0.004, 0, 0.02, 0.753, 1, 0.988, 1, 1, 1, 0.992, 1, 0.937, 
        0.176, 0, 0.012, 0.02, 0, 0.506, 1, 0.984, 1, 1, 1, 1, 
        0.996, 0.988, 0.306, 0, 0.016, 0.016, 0, 0.255, 1, 0.992, 
        0.996, 0.996, 0.996, 1, 1, 1, 0.996, 0.988, 0.988, 0.894, 
        0.404, 0.008, 0.012, 0.012, 0.008, 0.012, 0.055, 0.659, 
        1, 0.992, 1, 1, 1, 1, 1, 1,  ],
    [ 1, 1, 0.992, 1, 0.62, 0.055, 0.012, 0.008, 0.008, 0.016, 
        0, 0.212, 0.706, 0.933, 0.992, 0.988, 0.992, 1, 1, 1, 
        1, 0.988, 1, 0.533, 0.024, 0.031, 0.031, 0.027, 0.114, 
        0.859, 1, 0.992, 1, 1, 1, 0.988, 1, 0.769, 0.02, 0.008, 
        0.008, 0.004, 0.024, 0.753, 1, 0.992, 1, 1, 1, 0.992, 
        1, 0.937, 0.18, 0.027, 0.031, 0.035, 0.024, 0.51, 1, 
        0.984, 1, 1, 1, 1, 0.996, 0.988, 0.31, 0, 0.012, 0.012, 
        0, 0.251, 1, 0.992, 0.992, 0.996, 0.996, 0.996, 0.992, 
        0.988, 0.996, 0.953, 0.808, 0.341, 0.004, 0.008, 0.016, 
        0.004, 0.016, 0.031, 0.439, 0.988, 1, 0.996, 1, 1, 1, 
        1, 1, 1,  ],
    [ 1, 1, 0.996, 1, 0.98, 0.447, 0.043, 0.016, 0.008, 0.004, 
        0.012, 0, 0.11, 0.49, 0.835, 0.941, 0.984, 0.992, 0.992, 
        0.988, 0.992, 0.988, 1, 0.671, 0.271, 0.322, 0.318, 0.298, 
        0.376, 0.898, 1, 0.988, 0.996, 0.996, 0.996, 0.988, 1, 
        0.769, 0.016, 0.004, 0.004, 0, 0.02, 0.753, 1, 0.988, 
        0.996, 0.996, 0.996, 0.992, 1, 0.953, 0.424, 0.294, 0.322, 
        0.325, 0.278, 0.655, 1, 0.988, 0.996, 0.996, 0.996, 0.992, 
        0.996, 0.988, 0.306, 0, 0.012, 0.012, 0, 0.251, 1, 0.992, 
        0.992, 0.988, 0.988, 0.992, 0.988, 0.957, 0.886, 0.6, 
        0.196, 0, 0.004, 0.008, 0.004, 0.012, 0.024, 0.29, 0.902, 
        1, 0.992, 1, 1, 1, 1, 1, 1, 1,  ],
    [ 1, 1, 1, 0.992, 1, 0.941, 0.384, 0.047, 0.012, 0.008, 0.004, 
        0.012, 0, 0.016, 0.231, 0.537, 0.78, 0.898, 0.941, 0.965, 
        0.973, 0.976, 0.976, 0.949, 0.898, 0.902, 0.902, 0.898, 
        0.91, 0.973, 0.976, 0.976, 0.976, 0.976, 0.98, 0.988, 
        1, 0.769, 0.016, 0.004, 0.008, 0, 0.02, 0.753, 1, 0.984, 
        0.976, 0.98, 0.976, 0.98, 0.976, 0.976, 0.914, 0.902, 
        0.906, 0.906, 0.894, 0.949, 0.976, 0.98, 0.976, 0.98, 
        0.976, 0.98, 0.992, 0.988, 0.31, 0, 0.012, 0.012, 0, 
        0.251, 1, 0.988, 0.976, 0.965, 0.949, 0.914, 0.827, 0.612, 
        0.314, 0.047, 0, 0.008, 0.004, 0.004, 0.012, 0.024, 0.239, 
        0.831, 1, 0.992, 1, 1, 1, 1, 1, 1, 1, 1,  ],
    [ 1, 1, 1, 1, 0.992, 0.996, 0.922, 0.388, 0.059, 0.012, 0.012, 
        0.004, 0.012, 0.008, 0, 0.016, 0.169, 0.341, 0.533, 0.667, 
        0.71, 0.745, 0.749, 0.765, 0.776, 0.776, 0.776, 0.776, 
        0.776, 0.761, 0.757, 0.757, 0.757, 0.745, 0.796, 0.976, 
        1, 0.769, 0.016, 0.004, 0.008, 0, 0.02, 0.753, 1, 0.847, 
        0.745, 0.761, 0.757, 0.761, 0.757, 0.753, 0.773, 0.773, 
        0.769, 0.769, 0.769, 0.765, 0.757, 0.757, 0.757, 0.761, 
        0.753, 0.769, 0.949, 0.996, 0.306, 0, 0.012, 0.012, 0, 
        0.251, 1, 0.965, 0.741, 0.671, 0.58, 0.388, 0.22, 0.047, 
        0, 0, 0.008, 0, 0.008, 0.012, 0.035, 0.263, 0.82, 0.996, 
        0.988, 1, 1, 1, 1, 1, 1, 1, 1, 1,  ],
    [ 1, 1, 1, 1, 1, 0.988, 1, 0.937, 0.471, 0.086, 0.016, 0.012, 
        0.008, 0.008, 0.012, 0.004, 0, 0.004, 0.016, 0.055, 0.106, 
        0.141, 0.149, 0.153, 0.149, 0.149, 0.149, 0.149, 0.149, 
        0.157, 0.157, 0.157, 0.165, 0.125, 0.294, 0.949, 1, 0.765, 
        0.016, 0.004, 0.008, 0, 0.02, 0.741, 1, 0.498, 0.114, 
        0.161, 0.153, 0.157, 0.153, 0.149, 0.149, 0.145, 0.141, 
        0.141, 0.141, 0.149, 0.157, 0.153, 0.153, 0.157, 0.149, 
        0.196, 0.831, 1, 0.294, 0, 0.012, 0.012, 0, 0.247, 1, 
        0.894, 0.188, 0.055, 0.031, 0, 0, 0, 0.008, 0.004, 0.004, 
        0.012, 0.004, 0.067, 0.341, 0.847, 1, 0.988, 1, 1, 1, 
        1, 1, 1, 1, 1, 1, 1,  ],
    [ 1, 1, 1, 1, 1, 1, 0.992, 1, 0.976, 0.627, 0.208, 0.055, 
        0.012, 0.012, 0.008, 0.008, 0.012, 0.016, 0, 0, 0, 0, 
        0, 0, 0, 0, 0, 0, 0, 0, 0, 0.004, 0.004, 0, 0.161, 0.937, 
        1, 0.765, 0.016, 0.004, 0.008, 0, 0.02, 0.737, 1, 0.408, 
        0, 0.004, 0, 0, 0, 0, 0, 0, 0, 0, 0, 0, 0, 0, 0, 0, 0, 
        0.039, 0.792, 1, 0.294, 0, 0.012, 0.012, 0, 0.247, 1, 
        0.875, 0.075, 0, 0.004, 0.004, 0.008, 0.004, 0.004, 0.008, 
        0.004, 0.039, 0.137, 0.51, 0.925, 1, 0.988, 1, 1, 1, 
        1, 1, 1, 1, 1, 1, 1, 1,  ],
    [ 1, 1, 1, 1, 1, 1, 1, 0.992, 1, 1, 0.824, 0.455, 0.161, 
        0.055, 0.016, 0.012, 0.012, 0.012, 0.012, 0.012, 0.012, 
        0.012, 0.008, 0.008, 0.008, 0.008, 0.008, 0.008, 0.008, 
        0.008, 0.012, 0.016, 0.024, 0, 0.184, 0.937, 1, 0.765, 
        0.016, 0.004, 0.008, 0, 0.02, 0.737, 1, 0.424, 0, 0.024, 
        0.008, 0.008, 0.008, 0.008, 0.008, 0.008, 0.008, 0.008, 
        0.008, 0.008, 0.008, 0.008, 0.008, 0.012, 0.004, 0.067, 
        0.804, 1, 0.29, 0, 0.012, 0.012, 0, 0.247, 1, 0.878, 
        0.098, 0, 0.012, 0.008, 0.008, 0.008, 0.012, 0.043, 0.11, 
        0.365, 0.741, 1, 1, 0.992, 1, 1, 1, 1, 1, 1, 1, 1, 1, 
        1, 1, 1,  ],
    [ 1, 1, 1, 1, 1, 1, 1, 1, 0.996, 0.992, 1, 0.988, 0.769, 
        0.459, 0.216, 0.086, 0.055, 0.024, 0.012, 0.008, 0, 0, 
        0, 0, 0, 0, 0, 0, 0, 0, 0.004, 0.008, 0.016, 0, 0.176, 
        0.937, 1, 0.765, 0.016, 0.004, 0.008, 0, 0.02, 0.737, 
        1, 0.42, 0, 0.016, 0.004, 0, 0, 0, 0, 0, 0, 0, 0, 0, 
        0, 0, 0, 0.004, 0, 0.059, 0.8, 1, 0.29, 0, 0.012, 0.012, 
        0, 0.247, 1, 0.878, 0.086, 0, 0.012, 0.02, 0.047, 0.082, 
        0.184, 0.384, 0.698, 0.949, 1, 1, 0.992, 1, 1, 1, 1, 
        1, 1, 1, 1, 1, 1, 1, 1, 1,  ],
    [ 1, 1, 1, 1, 1, 1, 1, 1, 1, 1, 0.992, 1, 1, 0.996, 0.843, 
        0.627, 0.459, 0.278, 0.188, 0.145, 0.106, 0.09, 0.09, 
        0.09, 0.086, 0.086, 0.086, 0.086, 0.086, 0.09, 0.09, 
        0.094, 0.098, 0.086, 0.247, 0.941, 1, 0.765, 0.016, 0.004, 
        0.008, 0, 0.02, 0.737, 1, 0.471, 0.086, 0.098, 0.09, 
        0.09, 0.09, 0.09, 0.086, 0.086, 0.086, 0.086, 0.086, 
        0.086, 0.09, 0.09, 0.09, 0.09, 0.086, 0.137, 0.816, 1, 
        0.286, 0, 0.012, 0.012, 0, 0.247, 1, 0.886, 0.184, 0.11, 
        0.18, 0.243, 0.4, 0.592, 0.8, 0.969, 1, 1, 0.992, 0.996, 
        1, 1, 1, 1, 1, 1, 1, 1, 1, 1, 1, 1, 1, 1,  ],
    [ 1, 1, 1, 1, 1, 1, 1, 1, 1, 1, 1, 0.996, 0.992, 1, 1, 1, 
        0.98, 0.918, 0.839, 0.741, 0.675, 0.635, 0.635, 0.631, 
        0.631, 0.631, 0.631, 0.631, 0.631, 0.631, 0.635, 0.635, 
        0.639, 0.624, 0.698, 0.973, 1, 0.769, 0.016, 0.004, 0.008, 
        0, 0.02, 0.745, 1, 0.78, 0.612, 0.635, 0.631, 0.631, 
        0.631, 0.631, 0.627, 0.627, 0.627, 0.627, 0.627, 0.631, 
        0.635, 0.635, 0.635, 0.635, 0.631, 0.651, 0.925, 0.996, 
        0.294, 0, 0.012, 0.012, 0, 0.251, 1, 0.949, 0.698, 0.71, 
        0.808, 0.898, 0.965, 1, 1, 1, 0.992, 0.996, 1, 1, 1, 
        1, 1, 1, 1, 1, 1, 1, 1, 1, 1, 1, 1, 1,  ],
    [ 1, 1, 1, 1, 1, 1, 1, 1, 1, 1, 1, 1, 1, 0.996, 0.992, 0.992, 
        1, 1, 1, 1, 1, 1, 1, 0.965, 0.925, 0.929, 0.929, 0.925, 
        0.937, 0.988, 1, 1, 1, 1, 1, 0.988, 1, 0.769, 0.016, 
        0.004, 0.008, 0, 0.02, 0.753, 1, 1, 1, 1, 1, 1, 1, 0.996, 
        0.937, 0.925, 0.929, 0.929, 0.925, 0.965, 1, 0.996, 1, 
        1, 1, 1, 1, 0.984, 0.298, 0, 0.016, 0.012, 0, 0.251, 
        1, 1, 1, 1, 1, 1, 1, 0.992, 0.992, 0.996, 1, 1, 1, 1, 
        1, 1, 1, 1, 1, 1, 1, 1, 1, 1, 1, 1, 1, 1,  ],
    [ 1, 1, 1, 1, 1, 1, 1, 1, 1, 1, 1, 1, 1, 1, 1, 1, 0.996, 
        0.992, 0.992, 0.992, 0.992, 0.988, 1, 0.741, 0.447, 0.463, 
        0.459, 0.447, 0.514, 0.922, 1, 0.988, 0.992, 0.992, 0.992, 
        0.988, 1, 0.769, 0.016, 0.004, 0.008, 0, 0.02, 0.753, 
        1, 0.988, 0.992, 0.992, 0.992, 0.988, 1, 0.961, 0.541, 
        0.451, 0.467, 0.471, 0.435, 0.722, 1, 0.984, 0.992, 0.992, 
        0.992, 0.992, 0.996, 0.988, 0.298, 0, 0.016, 0.012, 0, 
        0.251, 1, 0.996, 0.992, 0.992, 0.992, 0.992, 0.996, 1, 
        1, 1, 1, 1, 1, 1, 1, 1, 1, 1, 1, 1, 1, 1, 1, 1, 1, 1, 
        1, 1,  ],
    [ 1, 1, 1, 1, 1, 1, 1, 1, 1, 1, 1, 1, 1, 1, 1, 1, 1, 1, 1, 
        1, 1, 0.988, 1, 0.525, 0, 0.012, 0.008, 0, 0.102, 0.859, 
        1, 0.992, 1, 1, 1, 0.988, 1, 0.769, 0.016, 0.004, 0.004, 
        0, 0.02, 0.753, 1, 0.992, 1, 1, 1, 0.996, 1, 0.937, 0.169, 
        0, 0.008, 0.016, 0, 0.498, 1, 0.984, 1, 1, 1, 1, 0.996, 
        0.988, 0.298, 0, 0.016, 0.012, 0, 0.251, 1, 0.996, 1, 
        1, 1, 1, 1, 0.996, 0.996, 1, 1, 1, 1, 1, 1, 1, 1, 1, 
        1, 1, 1, 1, 1, 1, 1, 1, 1, 1,  ],
    [ 1, 1, 1, 1, 1, 1, 1, 1, 1, 1, 1, 1, 1, 1, 1, 1, 1, 1, 1, 
        1, 1, 0.988, 1, 0.537, 0, 0.016, 0.008, 0, 0.098, 0.855, 
        1, 0.992, 1, 1, 1, 0.988, 1, 0.769, 0.02, 0.012, 0.012, 
        0.008, 0.024, 0.757, 1, 0.992, 1, 1, 1, 0.996, 1, 0.937, 
        0.173, 0, 0.008, 0.016, 0, 0.502, 1, 0.984, 1, 0.996, 
        0.996, 0.996, 0.996, 0.988, 0.302, 0, 0.016, 0.016, 0, 
        0.255, 1, 0.992, 0.996, 0.996, 1, 1, 1, 1, 1, 1, 1, 1, 
        1, 1, 1, 1, 1, 1, 1, 1, 1, 1, 1, 1, 1, 1, 1, 1,  ],
    [ 1, 1, 1, 1, 1, 1, 1, 1, 1, 1, 1, 1, 1, 1, 1, 1, 1, 1, 1, 
        1, 1, 0.988, 1, 0.533, 0, 0.016, 0.008, 0, 0.094, 0.851, 
        1, 0.992, 1, 1, 1, 0.988, 1, 0.761, 0.027, 0.027, 0.027, 
        0.027, 0.027, 0.753, 1, 0.992, 1, 1, 1, 0.996, 1, 0.937, 
        0.173, 0, 0.008, 0.016, 0, 0.502, 1, 0.984, 1, 1, 0.996, 
        0.996, 0.992, 0.984, 0.294, 0.024, 0.027, 0.027, 0.024, 
        0.251, 1, 0.992, 0.992, 0.996, 1, 1, 1, 1, 1, 1, 1, 1, 
        1, 1, 1, 1, 1, 1, 1, 1, 1, 1, 1, 1, 1, 1, 1, 1,  ],
    [ 1, 1, 1, 1, 1, 1, 1, 1, 1, 1, 1, 1, 1, 1, 1, 1, 1, 1, 1, 
        0.996, 0.996, 0.984, 1, 0.533, 0, 0.016, 0.008, 0, 0.094, 
        0.851, 1, 0.988, 0.996, 0.996, 0.996, 0.988, 1, 0.824, 
        0.29, 0.29, 0.294, 0.286, 0.298, 0.82, 1, 0.988, 0.996, 
        0.996, 0.996, 0.988, 1, 0.937, 0.173, 0, 0.008, 0.016, 
        0, 0.502, 1, 0.984, 0.996, 0.992, 0.992, 0.992, 0.992, 
        0.988, 0.49, 0.259, 0.298, 0.298, 0.259, 0.455, 1, 0.988, 
        0.988, 0.992, 0.996, 1, 1, 1, 1, 1, 1, 1, 1, 1, 1, 1, 
        1, 1, 1, 1, 1, 1, 1, 1, 1, 1, 1, 1,  ],
    [ 1, 1, 1, 1, 1, 1, 1, 1, 1, 1, 1, 1, 1, 1, 1, 0.992, 0.992, 
        0.996, 0.996, 0.992, 0.988, 0.988, 1, 0.533, 0, 0.016, 
        0.008, 0, 0.094, 0.851, 1, 0.988, 0.984, 0.984, 0.984, 
        0.984, 0.984, 0.976, 0.918, 0.914, 0.914, 0.914, 0.918, 
        0.976, 0.984, 0.984, 0.984, 0.984, 0.984, 0.984, 1, 0.937, 
        0.173, 0, 0.008, 0.016, 0, 0.502, 1, 0.98, 0.988, 0.984, 
        0.984, 0.984, 0.984, 0.984, 0.941, 0.914, 0.918, 0.918, 
        0.914, 0.937, 0.984, 0.984, 0.984, 0.992, 0.996, 0.996, 
        0.992, 0.992, 0.996, 1, 1, 1, 1, 1, 1, 1, 1, 1, 1, 1, 
        1, 1, 1, 1, 1, 1, 1, 1,  ],
    [ 1, 1, 1, 1, 1, 1, 1, 1, 1, 1, 1, 1, 0.996, 0.992, 1, 0.98, 
        0.953, 0.929, 0.878, 0.843, 0.808, 0.922, 1, 0.533, 0, 
        0.016, 0.008, 0, 0.094, 0.851, 0.996, 0.827, 0.784, 0.792, 
        0.788, 0.792, 0.784, 0.784, 0.8, 0.804, 0.8, 0.8, 0.796, 
        0.788, 0.788, 0.788, 0.788, 0.788, 0.784, 0.812, 1, 0.941, 
        0.173, 0, 0.008, 0.016, 0, 0.502, 1, 0.988, 0.871, 0.78, 
        0.796, 0.792, 0.788, 0.788, 0.796, 0.8, 0.796, 0.8, 0.8, 
        0.796, 0.788, 0.784, 0.804, 0.835, 0.871, 0.922, 0.949, 
        0.973, 0.996, 0.992, 0.996, 1, 1, 1, 1, 1, 1, 1, 1, 1, 
        1, 1, 1, 1, 1, 1, 1, 1,  ],
    [ 1, 1, 1, 1, 1, 1, 1, 1, 1, 1, 1, 0.992, 0.992, 0.957, 0.91, 
        0.769, 0.604, 0.467, 0.306, 0.243, 0.184, 0.71, 1, 0.525, 
        0, 0.016, 0.008, 0, 0.09, 0.859, 0.984, 0.345, 0.157, 
        0.184, 0.18, 0.18, 0.18, 0.176, 0.176, 0.18, 0.18, 0.18, 
        0.173, 0.18, 0.18, 0.18, 0.18, 0.18, 0.157, 0.302, 0.996, 
        0.945, 0.169, 0, 0.008, 0.016, 0, 0.502, 1, 1, 0.514, 
        0.145, 0.192, 0.18, 0.18, 0.18, 0.176, 0.173, 0.173, 
        0.176, 0.176, 0.176, 0.18, 0.176, 0.2, 0.231, 0.282, 
        0.416, 0.573, 0.718, 0.875, 0.941, 0.984, 0.992, 0.996, 
        1, 1, 1, 1, 1, 1, 1, 1, 1, 1, 1, 1, 1, 1, 1,  ],
    [ 1, 1, 1, 1, 1, 1, 1, 1, 1, 0.996, 0.996, 0.957, 0.859, 
        0.631, 0.361, 0.165, 0.039, 0.016, 0.004, 0.004, 0, 0.647, 
        1, 0.518, 0, 0.016, 0.008, 0, 0.09, 0.863, 0.984, 0.212, 
        0, 0.004, 0, 0, 0, 0, 0, 0, 0, 0, 0, 0, 0, 0, 0, 0.004, 
        0, 0.157, 0.992, 0.945, 0.169, 0, 0.008, 0.016, 0, 0.502, 
        1, 1, 0.416, 0, 0.004, 0, 0, 0, 0, 0, 0, 0, 0, 0, 0, 
        0, 0, 0, 0, 0, 0.031, 0.122, 0.29, 0.533, 0.796, 0.937, 
        0.988, 0.992, 1, 1, 1, 1, 1, 1, 1, 1, 1, 1, 1, 1, 1, 
        1,  ],
    [ 1, 1, 1, 1, 1, 1, 1, 1, 0.988, 0.98, 0.902, 0.616, 0.282, 
        0.063, 0.004, 0.004, 0.008, 0.016, 0.02, 0.027, 0, 0.659, 
        1, 0.518, 0, 0.016, 0.008, 0, 0.09, 0.859, 0.988, 0.235, 
        0, 0.02, 0.008, 0.008, 0.008, 0.008, 0.008, 0.008, 0.008, 
        0.008, 0.008, 0.008, 0.008, 0.008, 0.008, 0.016, 0, 0.18, 
        0.996, 0.945, 0.169, 0, 0.008, 0.016, 0, 0.502, 1, 1, 
        0.427, 0, 0.027, 0.008, 0.008, 0.008, 0.008, 0.008, 0.008, 
        0.008, 0.008, 0.008, 0.008, 0.008, 0.008, 0.008, 0.012, 
        0.004, 0, 0, 0, 0.027, 0.2, 0.502, 0.82, 0.957, 0.992, 
        0.996, 1, 1, 1, 1, 1, 1, 1, 1, 1, 1, 1, 1,  ],
    [ 1, 1, 1, 1, 1, 1, 0.996, 0.992, 0.957, 0.765, 0.357, 0.055, 
        0.004, 0.008, 0.02, 0.016, 0.016, 0.016, 0.016, 0.02, 
        0, 0.655, 1, 0.518, 0, 0.016, 0.008, 0, 0.09, 0.859, 
        0.988, 0.231, 0, 0.016, 0.004, 0.004, 0.004, 0.004, 0.004, 
        0.004, 0.004, 0.004, 0.004, 0.004, 0.004, 0.004, 0.004, 
        0.012, 0, 0.176, 0.996, 0.945, 0.169, 0, 0.008, 0.016, 
        0, 0.502, 1, 1, 0.427, 0, 0.024, 0.004, 0.004, 0.004, 
        0.004, 0.004, 0.004, 0.004, 0.004, 0.004, 0.004, 0.004, 
        0.004, 0.008, 0.008, 0.008, 0.004, 0.008, 0.012, 0.004, 
        0, 0.012, 0.224, 0.635, 0.929, 0.996, 0.992, 1, 1, 1, 
        1, 1, 1, 1, 1, 1, 1, 1,  ],
    [ 1, 1, 1, 1, 1, 0.996, 0.992, 0.941, 0.635, 0.169, 0.004, 
        0.004, 0.024, 0.012, 0.016, 0.012, 0.008, 0.024, 0.043, 
        0.067, 0.082, 0.675, 1, 0.518, 0, 0.016, 0.008, 0, 0.09, 
        0.863, 0.988, 0.29, 0.09, 0.114, 0.102, 0.102, 0.102, 
        0.102, 0.102, 0.102, 0.102, 0.102, 0.102, 0.102, 0.102, 
        0.102, 0.106, 0.11, 0.09, 0.243, 0.992, 0.941, 0.165, 
        0, 0.008, 0.012, 0, 0.502, 1, 1, 0.471, 0.09, 0.122, 
        0.106, 0.106, 0.106, 0.106, 0.106, 0.106, 0.106, 0.106, 
        0.106, 0.106, 0.106, 0.094, 0.075, 0.051, 0.027, 0.008, 
        0.008, 0.004, 0.004, 0.008, 0.008, 0, 0.067, 0.463, 0.894, 
        0.992, 0.992, 1, 1, 1, 1, 1, 1, 1, 1, 1, 1,  ],
    [ 1, 1, 1, 1, 1, 0.996, 0.941, 0.541, 0.067, 0.004, 0.02, 
        0.012, 0.012, 0.016, 0.012, 0.047, 0.11, 0.247, 0.373, 
        0.514, 0.596, 0.863, 1, 0.525, 0, 0.016, 0.008, 0, 0.094, 
        0.855, 1, 0.729, 0.639, 0.655, 0.651, 0.651, 0.651, 0.651, 
        0.643, 0.643, 0.643, 0.643, 0.643, 0.651, 0.651, 0.651, 
        0.651, 0.655, 0.643, 0.706, 1, 0.941, 0.169, 0, 0.008, 
        0.016, 0, 0.502, 1, 0.992, 0.792, 0.635, 0.659, 0.655, 
        0.655, 0.655, 0.651, 0.651, 0.651, 0.651, 0.651, 0.655, 
        0.655, 0.659, 0.631, 0.549, 0.424, 0.29, 0.145, 0.063, 
        0.016, 0.012, 0.004, 0.004, 0.012, 0, 0, 0.353, 0.859, 
        0.992, 0.992, 1, 1, 1, 1, 1, 1, 1, 1, 1,  ],
    [ 1, 1, 1, 1, 0.992, 0.953, 0.537, 0.035, 0.004, 0.024, 0.012, 
        0.012, 0.012, 0.039, 0.145, 0.392, 0.651, 0.847, 0.937, 
        0.984, 1, 0.988, 1, 0.529, 0, 0.016, 0.008, 0, 0.094, 
        0.851, 1, 1, 1, 1, 1, 1, 1, 0.98, 0.929, 0.929, 0.929, 
        0.929, 0.929, 0.98, 1, 1, 1, 1, 1, 1, 1, 0.937, 0.173, 
        0, 0.008, 0.016, 0, 0.502, 1, 0.98, 1, 1, 1, 1, 1, 1, 
        0.949, 0.925, 0.929, 0.929, 0.925, 0.945, 1, 1, 1, 0.996, 
        0.953, 0.886, 0.722, 0.486, 0.212, 0.059, 0.008, 0.008, 
        0, 0.008, 0.004, 0, 0.325, 0.875, 1, 0.996, 1, 1, 1, 
        1, 1, 1, 1, 1,  ],
    [ 1, 1, 1, 0.988, 0.969, 0.6, 0.051, 0.004, 0.016, 0.008, 
        0.012, 0.008, 0.078, 0.353, 0.725, 0.949, 1, 1, 1, 0.996, 
        0.988, 0.976, 1, 0.529, 0, 0.016, 0.008, 0, 0.094, 0.851, 
        1, 0.988, 0.992, 0.992, 0.992, 0.988, 1, 0.867, 0.459, 
        0.467, 0.467, 0.463, 0.471, 0.859, 1, 0.988, 0.992, 0.992, 
        0.992, 0.988, 1, 0.933, 0.169, 0, 0.008, 0.016, 0, 0.502, 
        1, 0.984, 0.996, 0.992, 0.992, 0.992, 0.992, 0.988, 0.612, 
        0.443, 0.467, 0.463, 0.443, 0.588, 1, 0.988, 0.992, 0.996, 
        1, 1, 1, 0.98, 0.82, 0.475, 0.133, 0.024, 0.012, 0.004, 
        0.004, 0.008, 0, 0.369, 0.922, 1, 1, 1, 1, 1, 1, 1, 1, 
        1,  ],
    [ 1, 1, 0.992, 0.992, 0.729, 0.094, 0.004, 0.02, 0.004, 0.012, 
        0.008, 0.125, 0.569, 0.925, 1, 1, 0.992, 0.992, 0.996, 
        1, 0.996, 0.98, 1, 0.529, 0, 0.016, 0.008, 0, 0.094, 
        0.851, 1, 0.992, 1, 1, 1, 0.988, 1, 0.757, 0.008, 0.008, 
        0.008, 0, 0.016, 0.749, 1, 0.992, 1, 1, 1, 0.996, 1, 
        0.937, 0.173, 0, 0.008, 0.016, 0, 0.502, 1, 0.984, 1, 
        1, 1, 1, 0.996, 0.988, 0.282, 0, 0.012, 0.012, 0, 0.235, 
        1, 0.996, 1, 1, 0.996, 0.996, 0.992, 0.996, 1, 0.984, 
        0.702, 0.239, 0.027, 0.012, 0, 0.004, 0.008, 0, 0.498, 
        0.969, 0.988, 1, 1, 1, 1, 1, 1, 1,  ],
    [ 1, 0.996, 1, 0.894, 0.243, 0.004, 0.02, 0.008, 0.012, 0.004, 
        0.145, 0.678, 1, 1, 0.992, 0.996, 1, 1, 1, 1, 0.996, 
        0.984, 1, 0.537, 0, 0.02, 0.012, 0, 0.098, 0.855, 1, 
        0.992, 1, 1, 1, 0.988, 1, 0.765, 0.02, 0.016, 0.012, 
        0.004, 0.027, 0.765, 1, 0.992, 1, 1, 1, 0.992, 1, 0.933, 
        0.169, 0, 0.016, 0.024, 0, 0.506, 1, 0.984, 1, 1, 1, 
        1, 0.996, 0.984, 0.294, 0, 0.02, 0.02, 0, 0.255, 1, 0.996, 
        1, 1, 1, 1, 1, 0.996, 0.992, 0.996, 1, 0.824, 0.271, 
        0.024, 0.012, 0, 0.012, 0.004, 0.078, 0.722, 0.996, 0.992, 
        1, 1, 1, 1, 1, 1,  ],
    [ 1, 0.992, 0.984, 0.506, 0, 0.016, 0.008, 0.012, 0.004, 
        0.114, 0.69, 1, 0.996, 0.992, 1, 1, 1, 1, 1, 1, 1, 0.984, 
        1, 0.537, 0.035, 0.047, 0.043, 0.043, 0.11, 0.851, 1, 
        0.992, 1, 1, 1, 0.988, 1, 0.765, 0.012, 0.008, 0.008, 
        0, 0.024, 0.761, 1, 0.992, 1, 1, 1, 0.992, 1, 0.937, 
        0.192, 0.039, 0.043, 0.051, 0.039, 0.514, 1, 0.984, 1, 
        1, 1, 1, 0.996, 0.984, 0.29, 0, 0.016, 0.016, 0, 0.251, 
        1, 0.996, 1, 1, 1, 1, 1, 1, 1, 0.996, 0.988, 0.996, 0.851, 
        0.251, 0.012, 0.012, 0, 0.016, 0, 0.267, 0.933, 0.996, 
        1, 1, 1, 1, 1, 1,  ],
    [ 0.996, 1, 0.835, 0.122, 0.004, 0.016, 0.008, 0.012, 0.055, 
        0.608, 1, 0.992, 0.996, 1, 1, 1, 1, 1, 1, 0.996, 0.992, 
        0.988, 1, 0.694, 0.349, 0.396, 0.388, 0.376, 0.424, 0.902, 
        1, 0.988, 0.992, 0.992, 0.992, 0.988, 1, 0.765, 0.012, 
        0.008, 0.004, 0, 0.024, 0.761, 1, 0.988, 0.992, 0.992, 
        0.992, 0.988, 1, 0.957, 0.482, 0.365, 0.388, 0.392, 0.353, 
        0.675, 1, 0.988, 0.992, 0.992, 0.992, 0.992, 0.996, 0.984, 
        0.29, 0, 0.016, 0.016, 0, 0.251, 1, 0.996, 0.992, 0.996, 
        1, 1, 1, 1, 1, 1, 1, 0.988, 1, 0.8, 0.165, 0, 0.008, 
        0.004, 0.008, 0.004, 0.608, 0.996, 0.988, 1, 1, 1, 1, 
        1,  ],
    [ 0.988, 0.988, 0.486, 0, 0.02, 0.008, 0.016, 0.012, 0.408, 
        0.988, 1, 0.996, 1, 1, 1, 1, 1, 0.992, 0.992, 0.984, 
        0.976, 0.973, 0.973, 0.969, 0.937, 0.937, 0.933, 0.933, 
        0.937, 0.973, 0.973, 0.973, 0.973, 0.973, 0.969, 0.98, 
        1, 0.765, 0.012, 0.008, 0.004, 0, 0.024, 0.761, 1, 0.98, 
        0.969, 0.973, 0.973, 0.973, 0.973, 0.973, 0.949, 0.937, 
        0.941, 0.941, 0.933, 0.961, 0.973, 0.973, 0.973, 0.973, 
        0.973, 0.973, 0.992, 0.984, 0.29, 0, 0.016, 0.016, 0, 
        0.251, 1, 0.996, 0.976, 0.98, 0.996, 0.992, 0.996, 1, 
        1, 1, 1, 1, 0.988, 1, 0.639, 0.039, 0.012, 0, 0.012, 
        0, 0.239, 0.941, 0.996, 1, 1, 1, 1, 1,  ],
    [ 1, 0.902, 0.173, 0, 0.02, 0.016, 0.004, 0.129, 0.843, 1, 
        0.988, 1, 1, 1, 1, 0.996, 0.996, 0.961, 0.914, 0.8, 0.733, 
        0.722, 0.718, 0.722, 0.729, 0.725, 0.725, 0.725, 0.725, 
        0.718, 0.718, 0.718, 0.718, 0.722, 0.694, 0.816, 1, 0.761, 
        0.012, 0.008, 0.004, 0, 0.024, 0.757, 1, 0.82, 0.694, 
        0.718, 0.718, 0.718, 0.714, 0.714, 0.725, 0.725, 0.725, 
        0.725, 0.725, 0.722, 0.714, 0.718, 0.718, 0.718, 0.706, 
        0.718, 0.937, 0.992, 0.29, 0, 0.016, 0.016, 0, 0.247, 
        1, 0.953, 0.749, 0.78, 0.902, 0.949, 0.996, 0.992, 1, 
        1, 1, 1, 0.996, 1, 0.973, 0.322, 0, 0.012, 0, 0.004, 
        0.027, 0.71, 1, 0.992, 1, 1, 1, 1,  ],
    [ 1, 0.671, 0.012, 0.012, 0.016, 0.02, 0.008, 0.471, 1, 0.988, 
        1, 1, 1, 1, 0.992, 0.992, 0.918, 0.651, 0.373, 0.204, 
        0.118, 0.106, 0.102, 0.098, 0.094, 0.094, 0.094, 0.094, 
        0.094, 0.098, 0.098, 0.098, 0.098, 0.114, 0.059, 0.467, 
        1, 0.757, 0.012, 0.008, 0.004, 0, 0.024, 0.749, 1, 0.459, 
        0.051, 0.11, 0.098, 0.098, 0.098, 0.098, 0.094, 0.094, 
        0.094, 0.094, 0.094, 0.094, 0.098, 0.098, 0.098, 0.102, 
        0.09, 0.137, 0.82, 1, 0.29, 0, 0.016, 0.016, 0, 0.243, 
        1, 0.855, 0.176, 0.173, 0.337, 0.565, 0.863, 0.976, 0.992, 
        1, 1, 1, 1, 0.988, 1, 0.714, 0.031, 0.004, 0, 0.016, 
        0, 0.427, 0.992, 0.992, 1, 1, 1, 1,  ],
    [ 0.996, 0.435, 0, 0.024, 0.012, 0.008, 0.075, 0.804, 1, 
        0.992, 1, 1, 1, 0.996, 0.996, 0.867, 0.404, 0.063, 0.004, 
        0, 0, 0, 0, 0, 0, 0, 0, 0, 0, 0, 0, 0, 0, 0.004, 0, 0.431, 
        1, 0.753, 0.012, 0.004, 0.004, 0, 0.024, 0.745, 1, 0.412, 
        0, 0.004, 0, 0, 0, 0, 0, 0, 0, 0, 0, 0, 0, 0, 0, 0, 0, 
        0.047, 0.792, 1, 0.29, 0, 0.016, 0.016, 0, 0.243, 1, 
        0.835, 0.051, 0, 0.004, 0.024, 0.275, 0.757, 0.976, 0.992, 
        1, 1, 1, 0.996, 1, 0.953, 0.243, 0, 0.008, 0.008, 0, 
        0.204, 0.937, 1, 0.996, 1, 1, 1,  ],
    [ 0.961, 0.231, 0, 0.02, 0.016, 0, 0.275, 0.976, 1, 0.996, 
        1, 1, 0.996, 1, 0.902, 0.31, 0.004, 0.004, 0.016, 0.012, 
        0.008, 0.008, 0.008, 0.008, 0.008, 0.008, 0.008, 0.008, 
        0.008, 0.008, 0.008, 0.008, 0.008, 0.024, 0, 0.443, 1, 
        0.753, 0.012, 0.004, 0.004, 0, 0.024, 0.749, 1, 0.427, 
        0, 0.031, 0.012, 0.008, 0.008, 0.008, 0.008, 0.008, 0.008, 
        0.008, 0.008, 0.008, 0.008, 0.008, 0.008, 0.012, 0.008, 
        0.071, 0.8, 1, 0.294, 0, 0.016, 0.016, 0, 0.243, 1, 0.835, 
        0.075, 0, 0.02, 0.008, 0.004, 0.157, 0.769, 0.996, 0.992, 
        1, 1, 1, 0.988, 1, 0.518, 0, 0.012, 0.004, 0, 0.063, 
        0.788, 1, 0.992, 1, 1, 1,  ],
    [ 0.882, 0.106, 0, 0.012, 0.024, 0, 0.459, 1, 0.992, 1, 1, 
        1, 0.988, 0.976, 0.451, 0, 0.016, 0.012, 0.004, 0.008, 
        0.004, 0.004, 0, 0, 0, 0, 0, 0, 0, 0, 0, 0, 0, 0.016, 
        0, 0.439, 1, 0.753, 0.012, 0.004, 0.004, 0, 0.024, 0.745, 
        1, 0.42, 0, 0.02, 0.004, 0, 0, 0, 0, 0, 0, 0, 0, 0, 0, 
        0, 0, 0.004, 0, 0.063, 0.804, 1, 0.294, 0, 0.016, 0.016, 
        0, 0.243, 1, 0.835, 0.067, 0, 0.012, 0.012, 0.016, 0.004, 
        0.235, 0.914, 1, 0.996, 1, 1, 0.988, 1, 0.71, 0.016, 
        0.008, 0, 0.012, 0, 0.667, 1, 0.988, 1, 1, 1,  ],
    [ 0.808, 0.059, 0.008, 0.012, 0.016, 0.004, 0.651, 1, 0.988, 
        1, 1, 0.992, 1, 0.808, 0.071, 0.004, 0.012, 0, 0.004, 
        0.031, 0.09, 0.114, 0.106, 0.106, 0.106, 0.106, 0.106, 
        0.106, 0.106, 0.106, 0.106, 0.106, 0.106, 0.122, 0.094, 
        0.494, 1, 0.753, 0.012, 0.004, 0.004, 0, 0.024, 0.745, 
        1, 0.475, 0.094, 0.118, 0.106, 0.106, 0.106, 0.106, 0.106, 
        0.106, 0.106, 0.106, 0.106, 0.106, 0.102, 0.102, 0.102, 
        0.106, 0.098, 0.153, 0.824, 1, 0.294, 0, 0.016, 0.016, 
        0, 0.243, 1, 0.859, 0.153, 0.047, 0.012, 0.004, 0.004, 
        0.016, 0, 0.576, 1, 0.988, 1, 1, 0.992, 1, 0.863, 0.114, 
        0, 0.004, 0.012, 0, 0.576, 1, 0.988, 1, 1, 1,  ],
    [ 0.737, 0.031, 0.012, 0.012, 0.012, 0.031, 0.753, 1, 0.988, 
        1, 1, 0.988, 1, 0.514, 0, 0.016, 0.004, 0.008, 0.016, 
        0.294, 0.631, 0.686, 0.675, 0.675, 0.675, 0.675, 0.675, 
        0.675, 0.675, 0.675, 0.678, 0.678, 0.678, 0.682, 0.659, 
        0.8, 1, 0.761, 0.012, 0.004, 0.004, 0, 0.024, 0.757, 
        1, 0.8, 0.655, 0.675, 0.671, 0.671, 0.671, 0.671, 0.667, 
        0.663, 0.663, 0.663, 0.663, 0.667, 0.667, 0.667, 0.667, 
        0.667, 0.663, 0.678, 0.929, 0.996, 0.298, 0, 0.016, 0.016, 
        0, 0.251, 1, 0.945, 0.675, 0.4, 0.043, 0.008, 0.004, 
        0.02, 0, 0.267, 0.98, 0.992, 1, 1, 0.996, 1, 0.941, 0.169, 
        0, 0.008, 0.012, 0, 0.486, 1, 0.992, 1, 1, 1,  ],
    [ 0.69, 0.016, 0.012, 0.012, 0.012, 0.043, 0.784, 1, 0.992, 
        1, 1, 0.996, 0.996, 0.314, 0, 0.012, 0.008, 0, 0.133, 
        0.871, 0.996, 0.996, 1, 0.965, 0.918, 0.925, 0.922, 0.922, 
        0.929, 0.988, 1, 1, 1, 1, 1, 0.996, 1, 0.765, 0.012, 
        0.004, 0.004, 0, 0.024, 0.757, 1, 0.996, 1, 1, 1, 1, 
        1, 0.992, 0.933, 0.922, 0.922, 0.925, 0.918, 0.957, 1, 
        0.996, 1, 1, 1, 1, 1, 0.984, 0.302, 0, 0.016, 0.016, 
        0, 0.267, 1, 0.996, 0.996, 0.973, 0.322, 0, 0.016, 0.012, 
        0, 0.114, 0.875, 1, 0.996, 1, 0.996, 1, 0.953, 0.196, 
        0, 0.008, 0.012, 0, 0.443, 1, 0.992, 1, 1, 1,  ],
    [ 0.718, 0.027, 0.012, 0.012, 0.012, 0.035, 0.773, 1, 0.992, 
        1, 1, 1, 0.976, 0.243, 0, 0.012, 0.016, 0, 0.298, 1, 
        0.98, 0.984, 1, 0.706, 0.4, 0.435, 0.431, 0.42, 0.486, 
        0.925, 1, 0.988, 0.992, 0.992, 0.992, 0.984, 1, 0.741, 
        0.004, 0.008, 0.004, 0, 0.024, 0.765, 1, 0.984, 0.988, 
        0.988, 0.988, 0.988, 0.996, 0.961, 0.518, 0.42, 0.431, 
        0.435, 0.4, 0.686, 1, 0.984, 0.988, 0.992, 0.992, 0.992, 
        0.996, 0.988, 0.318, 0, 0.016, 0.016, 0, 0.239, 0.996, 
        0.988, 0.973, 1, 0.569, 0, 0.016, 0.012, 0, 0.059, 0.82, 
        1, 0.992, 1, 0.996, 1, 0.949, 0.184, 0, 0.008, 0.012, 
        0, 0.467, 1, 0.992, 1, 1, 1,  ],
    [ 0.784, 0.047, 0.008, 0.012, 0.012, 0.02, 0.714, 1, 0.988, 
        1, 1, 0.996, 0.984, 0.294, 0, 0.012, 0.016, 0, 0.184, 
        0.922, 0.984, 0.988, 0.937, 0.337, 0, 0, 0.004, 0, 0.165, 
        0.918, 1, 0.992, 0.996, 0.996, 1, 0.984, 1, 0.663, 0, 
        0.008, 0.004, 0, 0.043, 0.82, 1, 0.988, 1, 0.992, 0.992, 
        0.992, 1, 0.973, 0.204, 0, 0.004, 0.004, 0, 0.396, 0.996, 
        0.988, 0.996, 1, 1, 0.996, 0.992, 1, 0.4, 0, 0.02, 0.012, 
        0, 0.133, 0.89, 0.984, 0.984, 0.949, 0.42, 0, 0.016, 
        0.012, 0, 0.098, 0.855, 1, 0.992, 1, 0.996, 1, 0.906, 
        0.141, 0, 0.008, 0.012, 0, 0.529, 1, 0.992, 1, 1, 1, 
         ],
    [ 0.859, 0.086, 0.008, 0.012, 0.02, 0, 0.576, 1, 0.988, 1, 
        1, 0.988, 1, 0.475, 0, 0.016, 0.004, 0, 0.004, 0.42, 
        0.784, 0.816, 0.518, 0.059, 0.012, 0.008, 0.02, 0, 0.322, 
        0.992, 0.996, 0.996, 0.996, 0.996, 1, 0.984, 1, 0.522, 
        0, 0.012, 0.008, 0, 0.075, 0.898, 1, 0.996, 1, 1, 1, 
        0.996, 0.996, 1, 0.286, 0, 0.024, 0.02, 0, 0.275, 0.969, 
        0.996, 1, 1, 1, 0.996, 0.988, 1, 0.557, 0.004, 0.016, 
        0.004, 0.008, 0, 0.369, 0.784, 0.831, 0.58, 0.078, 0, 
        0.012, 0.016, 0, 0.231, 0.965, 1, 0.996, 1, 0.992, 1, 
        0.792, 0.063, 0, 0.004, 0.016, 0, 0.624, 1, 0.988, 1, 
        1, 1,  ],
    [ 0.922, 0.149, 0, 0.016, 0.024, 0, 0.376, 0.992, 0.988, 
        1, 1, 0.988, 1, 0.741, 0.043, 0.008, 0.012, 0.004, 0, 
        0, 0.161, 0.192, 0.031, 0, 0.008, 0.004, 0.012, 0.024, 
        0.588, 1, 0.984, 1, 1, 1, 1, 0.988, 0.988, 0.325, 0, 
        0.012, 0.008, 0, 0.18, 0.961, 1, 0.996, 1, 1, 1, 1, 0.988, 
        1, 0.412, 0, 0.02, 0.012, 0, 0.125, 0.886, 1, 0.996, 
        1, 1, 0.996, 0.992, 1, 0.796, 0.078, 0.004, 0.016, 0.008, 
        0, 0, 0.157, 0.216, 0.051, 0, 0.008, 0.008, 0.02, 0.012, 
        0.494, 1, 0.988, 1, 1, 0.988, 1, 0.624, 0, 0.008, 0, 
        0.012, 0.016, 0.722, 1, 0.988, 1, 1, 1,  ],
    [ 0.988, 0.329, 0, 0.02, 0.016, 0, 0.188, 0.914, 1, 0.996, 
        1, 1, 1, 0.976, 0.353, 0.016, 0.02, 0.004, 0.004, 0.004, 
        0, 0, 0, 0.004, 0.004, 0.012, 0.004, 0.22, 0.906, 1, 
        0.992, 1, 1, 1, 0.996, 1, 0.882, 0.141, 0, 0.008, 0.012, 
        0, 0.384, 1, 0.996, 1, 1, 1, 1, 1, 0.984, 1, 0.624, 0.004, 
        0.016, 0.004, 0.004, 0.016, 0.678, 1, 0.988, 1, 1, 0.996, 
        1, 0.996, 0.996, 0.42, 0.024, 0.024, 0.012, 0.008, 0.012, 
        0, 0.004, 0.004, 0.008, 0.004, 0.016, 0, 0.149, 0.851, 
        1, 0.992, 1, 1, 0.988, 0.988, 0.396, 0, 0.016, 0.004, 
        0, 0.122, 0.867, 1, 0.992, 1, 1, 1,  ],
    [ 1, 0.549, 0.008, 0.024, 0.008, 0.012, 0.02, 0.675, 1, 0.988, 
        1, 1, 0.992, 1, 0.827, 0.2, 0.024, 0.012, 0.008, 0.004, 
        0.008, 0.008, 0.004, 0.008, 0.012, 0.012, 0.122, 0.722, 
        1, 0.988, 1, 1, 1, 1, 0.988, 1, 0.627, 0.004, 0.008, 
        0.004, 0.012, 0.008, 0.604, 1, 0.988, 1, 1, 1, 1, 1, 
        0.988, 1, 0.827, 0.059, 0.012, 0.004, 0.016, 0, 0.365, 
        0.976, 0.988, 1, 1, 1, 1, 0.992, 1, 0.871, 0.251, 0.031, 
        0.02, 0.012, 0.008, 0.012, 0.016, 0.008, 0.008, 0.012, 
        0.008, 0.082, 0.643, 1, 0.992, 1, 1, 0.996, 1, 0.871, 
        0.137, 0, 0.008, 0.012, 0, 0.294, 0.988, 0.996, 0.996, 
        1, 1, 1,  ],
    [ 1, 0.788, 0.075, 0.012, 0.012, 0.02, 0, 0.329, 0.961, 0.992, 
        1, 1, 1, 0.992, 1, 0.776, 0.259, 0.063, 0.02, 0.004, 
        0.008, 0.008, 0.008, 0.016, 0.051, 0.18, 0.675, 1, 0.988, 
        0.992, 1, 1, 1, 1, 0.996, 0.949, 0.278, 0, 0.016, 0.004, 
        0, 0.094, 0.843, 1, 0.992, 1, 1, 1, 1, 1, 0.996, 1, 0.969, 
        0.282, 0, 0.012, 0.008, 0.004, 0.094, 0.8, 1, 0.992, 
        1, 1, 0.996, 1, 0.988, 1, 0.824, 0.294, 0.067, 0.024, 
        0.012, 0.012, 0.012, 0.012, 0.012, 0.043, 0.145, 0.6, 
        0.992, 0.996, 1, 1, 1, 0.988, 0.988, 0.549, 0, 0.012, 
        0, 0.012, 0.008, 0.541, 1, 0.984, 1, 1, 1, 1,  ],
    [ 1, 0.973, 0.286, 0, 0.02, 0.012, 0.008, 0.043, 0.671, 0.992, 
        0.988, 1, 1, 1, 0.992, 1, 0.867, 0.49, 0.239, 0.11, 0.086, 
        0.086, 0.098, 0.212, 0.424, 0.788, 1, 0.992, 0.992, 0.996, 
        1, 1, 1, 0.988, 0.988, 0.635, 0.024, 0.004, 0.004, 0.012, 
        0, 0.337, 1, 1, 0.996, 1, 1, 1, 1, 1, 1, 0.988, 1, 0.596, 
        0.016, 0.012, 0.004, 0.016, 0, 0.396, 0.957, 0.988, 1, 
        1, 1, 0.996, 0.996, 0.988, 1, 0.886, 0.518, 0.247, 0.118, 
        0.086, 0.082, 0.086, 0.188, 0.388, 0.741, 1, 1, 0.996, 
        1, 1, 0.996, 1, 0.855, 0.169, 0.004, 0.008, 0.004, 0, 
        0.102, 0.831, 1, 0.992, 1, 1, 1, 1,  ],
    [ 0.988, 1, 0.643, 0.031, 0.016, 0.012, 0.02, 0.004, 0.216, 
        0.867, 1, 0.992, 1, 1, 1, 0.992, 1, 0.984, 0.843, 0.667, 
        0.612, 0.616, 0.655, 0.812, 0.969, 1, 0.988, 0.992, 0.996, 
        0.996, 1, 1, 0.992, 1, 0.855, 0.192, 0, 0.012, 0, 0.012, 
        0.035, 0.694, 1, 0.992, 1, 1, 1, 1, 1, 1, 1, 0.996, 1, 
        0.894, 0.165, 0, 0.008, 0.008, 0.004, 0.051, 0.647, 0.98, 
        0.988, 0.996, 0.996, 0.996, 0.996, 0.996, 0.992, 1, 0.992, 
        0.855, 0.675, 0.612, 0.608, 0.627, 0.784, 0.957, 1, 1, 
        0.996, 1, 1, 0.996, 0.992, 0.949, 0.408, 0, 0.016, 0, 
        0.012, 0.008, 0.408, 0.992, 0.992, 0.996, 1, 1, 1, 1, 
         ],
    [ 0.996, 1, 0.937, 0.278, 0, 0.02, 0.008, 0.016, 0, 0.388, 
        0.929, 0.996, 0.992, 1, 1, 1, 0.992, 0.996, 1, 1, 0.996, 
        1, 1, 1, 1, 0.992, 0.996, 0.992, 0.996, 0.996, 1, 0.992, 
        0.996, 0.925, 0.361, 0, 0.012, 0, 0.012, 0, 0.294, 0.961, 
        1, 0.996, 1, 1, 1, 1, 1, 1, 1, 1, 0.992, 1, 0.545, 0.024, 
        0.016, 0, 0.016, 0.004, 0.157, 0.784, 0.988, 0.988, 0.996, 
        0.996, 0.996, 0.996, 0.996, 0.992, 0.992, 1, 1, 1, 1, 
        1, 1, 1, 0.992, 0.996, 0.996, 1, 0.996, 0.988, 0.961, 
        0.596, 0.031, 0, 0.004, 0.004, 0.004, 0.098, 0.78, 1, 
        0.988, 0.996, 1, 1, 1, 1,  ],
    [ 0.996, 0.988, 1, 0.706, 0.063, 0.012, 0.012, 0.008, 0.004, 
        0.024, 0.475, 0.925, 0.996, 0.988, 1, 1, 1, 0.996, 0.988, 
        0.988, 0.984, 0.988, 0.988, 0.988, 0.996, 0.996, 0.992, 
        0.992, 0.996, 0.996, 0.992, 0.996, 0.922, 0.451, 0.012, 
        0.004, 0.004, 0.004, 0.008, 0.071, 0.725, 1, 0.992, 1, 
        1, 1, 1, 1, 1, 1, 1, 1, 0.992, 1, 0.91, 0.227, 0.004, 
        0.012, 0.004, 0.016, 0.004, 0.243, 0.816, 0.976, 0.988, 
        0.996, 0.996, 0.996, 0.996, 0.996, 0.996, 0.992, 0.992, 
        0.992, 0.988, 0.992, 0.992, 0.996, 0.996, 0.996, 0.996, 
        0.992, 0.992, 0.953, 0.655, 0.106, 0, 0.012, 0.004, 0.012, 
        0.024, 0.475, 1, 0.992, 0.996, 1, 1, 1, 1, 1,  ],
    [ 1, 0.996, 0.996, 0.988, 0.443, 0.027, 0.02, 0.008, 0.008, 
        0, 0.035, 0.439, 0.875, 0.976, 0.992, 0.992, 1, 1, 1, 
        0.996, 0.996, 0.996, 0.996, 0.996, 0.996, 0.996, 0.996, 
        0.996, 0.992, 0.988, 0.976, 0.878, 0.424, 0.02, 0, 0.008, 
        0.008, 0.016, 0.031, 0.467, 1, 0.996, 0.996, 1, 1, 1, 
        1, 1, 1, 1, 1, 1, 0.996, 0.992, 1, 0.714, 0.086, 0.008, 
        0.008, 0.004, 0.016, 0.004, 0.239, 0.749, 0.953, 0.996, 
        0.988, 0.996, 0.996, 0.996, 0.996, 0.996, 0.996, 0.996, 
        0.996, 0.996, 0.996, 0.996, 0.996, 0.992, 0.988, 0.988, 
        0.925, 0.592, 0.114, 0, 0.012, 0.004, 0.012, 0.008, 0.239, 
        0.886, 1, 0.992, 1, 1, 1, 1, 1, 1,  ],
    [ 1, 1, 0.992, 0.996, 0.902, 0.275, 0.016, 0.016, 0.008, 
        0.008, 0.004, 0.008, 0.306, 0.733, 0.929, 0.98, 0.988, 
        0.988, 0.996, 0.996, 0.996, 0.996, 0.996, 0.996, 0.996, 
        0.992, 0.992, 0.992, 0.98, 0.929, 0.733, 0.302, 0, 0.004, 
        0.004, 0.004, 0.016, 0.02, 0.294, 0.914, 1, 0.992, 1, 
        1, 1, 1, 1, 1, 1, 1, 1, 1, 0.996, 0.992, 0.996, 1, 0.518, 
        0.051, 0.016, 0.004, 0.004, 0.016, 0.004, 0.153, 0.592, 
        0.894, 0.969, 0.992, 0.988, 0.988, 0.992, 0.992, 0.996, 
        0.996, 0.996, 0.996, 0.992, 0.988, 0.988, 0.988, 0.949, 
        0.824, 0.439, 0.055, 0, 0.012, 0, 0.012, 0, 0.125, 0.741, 
        1, 0.988, 0.996, 1, 1, 1, 1, 1, 1,  ],
    [ 1, 1, 1, 0.988, 0.996, 0.8, 0.2, 0.016, 0.016, 0.008, 0.008, 
        0.008, 0.004, 0.137, 0.471, 0.769, 0.918, 0.953, 0.976, 
        0.992, 0.992, 0.992, 0.992, 0.992, 0.992, 0.976, 0.953, 
        0.918, 0.769, 0.471, 0.137, 0, 0.004, 0.004, 0.004, 0.012, 
        0.016, 0.216, 0.82, 0.996, 0.988, 1, 1, 1, 1, 1, 1, 1, 
        1, 1, 1, 1, 1, 0.996, 0.996, 1, 0.949, 0.412, 0.047, 
        0.012, 0.004, 0.004, 0.016, 0.004, 0.051, 0.337, 0.682, 
        0.875, 0.941, 0.969, 0.988, 0.992, 0.992, 0.992, 0.988, 
        0.996, 0.984, 0.961, 0.933, 0.82, 0.576, 0.231, 0.004, 
        0, 0.012, 0.008, 0.012, 0.004, 0.086, 0.627, 1, 0.992, 
        0.996, 0.996, 1, 1, 1, 1, 1, 1,  ],
    [ 1, 1, 1, 1, 0.988, 1, 0.757, 0.208, 0.024, 0.02, 0.004, 
        0.008, 0.016, 0, 0.012, 0.165, 0.408, 0.596, 0.753, 0.851, 
        0.875, 0.89, 0.886, 0.867, 0.851, 0.757, 0.592, 0.404, 
        0.161, 0.012, 0.004, 0.012, 0.004, 0.004, 0.012, 0.024, 
        0.212, 0.773, 1, 0.988, 1, 1, 1, 1, 1, 1, 1, 1, 1, 1, 
        1, 1, 1, 1, 1, 0.992, 1, 0.925, 0.392, 0.055, 0.012, 
        0.008, 0.004, 0.016, 0.004, 0.004, 0.094, 0.306, 0.529, 
        0.698, 0.831, 0.867, 0.89, 0.89, 0.878, 0.863, 0.796, 
        0.639, 0.478, 0.227, 0.039, 0.004, 0.016, 0.008, 0.008, 
        0.012, 0.008, 0.098, 0.592, 0.996, 0.996, 0.996, 0.996, 
        1, 1, 1, 1, 1, 1, 1,  ],
    [ 1, 1, 1, 1, 1, 0.988, 1, 0.784, 0.267, 0.047, 0.012, 0.012, 
        0.004, 0.012, 0.008, 0, 0, 0.043, 0.157, 0.251, 0.306, 
        0.337, 0.337, 0.298, 0.255, 0.161, 0.047, 0.004, 0.004, 
        0.016, 0.016, 0.004, 0.012, 0.012, 0.047, 0.267, 0.796, 
        1, 0.992, 1, 1, 1, 1, 1, 1, 1, 1, 1, 1, 1, 1, 1, 1, 1, 
        1, 1, 0.992, 1, 0.929, 0.443, 0.078, 0.012, 0.012, 0.004, 
        0.008, 0.016, 0, 0.004, 0.024, 0.114, 0.231, 0.294, 0.333, 
        0.337, 0.314, 0.271, 0.196, 0.071, 0.008, 0.004, 0.004, 
        0.016, 0.008, 0.012, 0.012, 0.024, 0.149, 0.624, 0.996, 
        0.996, 0.992, 0.996, 1, 1, 1, 1, 1, 1, 1, 1,  ],
    [ 1, 1, 1, 1, 1, 1, 0.988, 1, 0.851, 0.4, 0.086, 0.02, 0.012, 
        0.008, 0.004, 0.008, 0.008, 0, 0, 0, 0, 0, 0, 0, 0, 0.004, 
        0.008, 0.02, 0.016, 0.016, 0.012, 0.012, 0.024, 0.098, 
        0.408, 0.863, 1, 0.992, 1, 1, 1, 1, 1, 1, 1, 1, 1, 1, 
        1, 1, 1, 1, 1, 1, 1, 1, 1, 0.992, 1, 0.965, 0.576, 0.176, 
        0.043, 0.008, 0.012, 0.008, 0.008, 0.016, 0.012, 0, 0.004, 
        0.004, 0.004, 0, 0.004, 0.004, 0.004, 0, 0.008, 0.016, 
        0.008, 0.012, 0.016, 0.012, 0.063, 0.271, 0.733, 1, 0.996, 
        0.992, 0.992, 0.996, 1, 1, 1, 1, 1, 1, 1, 1,  ],
    [ 1, 1, 1, 1, 1, 1, 1, 0.988, 1, 0.949, 0.62, 0.243, 0.071, 
        0.024, 0.004, 0.008, 0.008, 0.008, 0.008, 0.008, 0.012, 
        0.008, 0.008, 0.012, 0.012, 0.016, 0.016, 0.012, 0.012, 
        0.012, 0.024, 0.075, 0.251, 0.627, 0.953, 1, 0.988, 1, 
        1, 1, 1, 1, 1, 1, 1, 1, 1, 1, 1, 1, 1, 1, 1, 1, 1, 1, 
        1, 1, 0.992, 1, 1, 0.761, 0.373, 0.102, 0.035, 0.008, 
        0.008, 0.012, 0.008, 0.012, 0.016, 0.016, 0.016, 0.012, 
        0.016, 0.016, 0.016, 0.012, 0.012, 0.012, 0.012, 0.012, 
        0.055, 0.169, 0.498, 0.871, 1, 0.988, 0.988, 0.996, 1, 
        1, 1, 1, 1, 1, 1, 1, 1, 1,  ],
    [ 1, 1, 1, 1, 1, 1, 1, 1, 0.992, 1, 1, 0.855, 0.537, 0.255, 
        0.098, 0.047, 0.024, 0.004, 0.008, 0.008, 0.008, 0.008, 
        0.008, 0.008, 0.008, 0.012, 0.012, 0.024, 0.047, 0.094, 
        0.263, 0.553, 0.859, 1, 1, 0.992, 1, 1, 1, 1, 1, 1, 1, 
        1, 1, 1, 1, 1, 1, 1, 1, 1, 1, 1, 1, 1, 1, 1, 1, 0.996, 
        0.996, 1, 0.941, 0.655, 0.341, 0.137, 0.059, 0.031, 0.012, 
        0.004, 0.008, 0.008, 0.008, 0.008, 0.008, 0.008, 0.008, 
        0.004, 0.016, 0.039, 0.075, 0.18, 0.439, 0.769, 0.988, 
        1, 0.988, 0.992, 0.996, 1, 1, 1, 1, 1, 1, 1, 1, 1, 1, 
        1,  ],
    [ 1, 1, 1, 1, 1, 1, 1, 1, 1, 0.996, 0.992, 1, 1, 0.863, 0.639, 
        0.396, 0.255, 0.125, 0.086, 0.067, 0.055, 0.051, 0.051, 
        0.055, 0.071, 0.082, 0.129, 0.259, 0.396, 0.635, 0.867, 
        1, 1, 0.996, 0.996, 1, 1, 1, 1, 1, 1, 1, 1, 1, 1, 1, 
        1, 1, 1, 1, 1, 1, 1, 1, 1, 1, 1, 1, 1, 1, 1, 0.992, 1, 
        1, 0.914, 0.725, 0.463, 0.302, 0.165, 0.09, 0.075, 0.059, 
        0.051, 0.051, 0.055, 0.063, 0.078, 0.098, 0.212, 0.353, 
        0.561, 0.796, 0.973, 0.996, 0.992, 0.988, 0.996, 1, 1, 
        1, 1, 1, 1, 1, 1, 1, 1, 1, 1, 1,  ],
    [ 1, 1, 1, 1, 1, 1, 1, 1, 1, 1, 1, 0.992, 0.996, 1, 1, 0.961, 
        0.855, 0.714, 0.62, 0.518, 0.451, 0.427, 0.427, 0.451, 
        0.533, 0.608, 0.71, 0.859, 0.961, 1, 1, 0.996, 0.992, 
        1, 1, 1, 1, 1, 1, 1, 1, 1, 1, 1, 1, 1, 1, 1, 1, 1, 1, 
        1, 1, 1, 1, 1, 1, 1, 1, 1, 1, 1, 0.996, 0.992, 1, 1, 
        0.98, 0.906, 0.757, 0.635, 0.553, 0.459, 0.424, 0.416, 
        0.435, 0.494, 0.573, 0.675, 0.804, 0.941, 1, 1, 0.996, 
        0.988, 0.992, 1, 1, 1, 1, 1, 1, 1, 1, 1, 1, 1, 1, 1, 
        1, 1,  ],
    [ 1, 1, 1, 1, 1, 1, 1, 1, 1, 1, 1, 1, 1, 0.996, 0.996, 1, 
        1, 1, 1, 0.992, 0.969, 0.965, 0.961, 0.969, 0.996, 1, 
        1, 1, 1, 0.996, 0.992, 1, 1, 1, 1, 1, 1, 1, 1, 1, 1, 
        1, 1, 1, 1, 1, 1, 1, 1, 1, 1, 1, 1, 1, 1, 1, 1, 1, 1, 
        1, 1, 1, 1, 1, 0.996, 0.992, 1, 1, 1, 1, 1, 0.969, 0.961, 
        0.957, 0.965, 0.988, 1, 1, 1, 1, 0.996, 0.992, 0.996, 
        1, 1, 1, 1, 1, 1, 1, 1, 1, 1, 1, 1, 1, 1, 1, 1, 1,  ],
    [ 1, 1, 1, 1, 1, 1, 1, 1, 1, 1, 1, 1, 1, 1, 1, 0.996, 0.996, 
        0.992, 0.996, 1, 1, 1, 1, 1, 1, 0.992, 0.992, 0.996, 
        0.996, 1, 1, 1, 1, 1, 1, 1, 1, 1, 1, 1, 1, 1, 1, 1, 1, 
        1, 1, 1, 1, 1, 1, 1, 1, 1, 1, 1, 1, 1, 1, 1, 1, 1, 1, 
        1, 1, 1, 0.996, 0.996, 0.992, 0.996, 1, 1, 1, 1, 1, 1, 
        0.996, 0.992, 0.992, 0.996, 1, 1, 1, 1, 1, 1, 1, 1, 1, 
        1, 1, 1, 1, 1, 1, 1, 1, 1, 1, 1,  ],
    [ 1, 1, 1, 1, 1, 1, 1, 1, 1, 1, 1, 1, 1, 1, 1, 1, 1, 1, 1, 
        0.996, 0.996, 0.996, 0.996, 0.996, 1, 1, 1, 1, 1, 1, 
        1, 1, 1, 1, 1, 1, 1, 1, 1, 1, 1, 1, 1, 1, 1, 1, 1, 1, 
        1, 1, 1, 1, 1, 1, 1, 1, 1, 1, 1, 1, 1, 1, 1, 1, 1, 1, 
        1, 1, 1, 1, 0.996, 0.996, 0.996, 0.996, 0.996, 0.996, 
        1, 1, 1, 1, 1, 1, 1, 1, 1, 1, 1, 1, 1, 1, 1, 1, 1, 1, 
        1, 1, 1, 1, 1, 1,  ],
    [ 1, 1, 1, 1, 1, 1, 1, 1, 1, 1, 1, 1, 1, 1, 1, 1, 1, 1, 1, 
        1, 1, 1, 1, 1, 1, 1, 1, 1, 1, 1, 1, 1, 1, 1, 1, 1, 1, 
        1, 1, 1, 1, 1, 1, 1, 1, 1, 1, 1, 1, 1, 1, 1, 1, 1, 1, 
        1, 1, 1, 1, 1, 1, 1, 1, 1, 1, 1, 1, 1, 1, 1, 1, 1, 1, 
        1, 1, 1, 1, 1, 1, 1, 1, 1, 1, 1, 1, 1, 1, 1, 1, 1, 1, 
        1, 1, 1, 1, 1, 1, 1, 1, 1,  ],
    [ 1, 1, 1, 1, 1, 1, 1, 1, 1, 1, 1, 1, 1, 1, 1, 1, 1, 1, 1, 
        1, 1, 1, 1, 1, 1, 1, 1, 1, 1, 1, 1, 1, 1, 1, 1, 1, 1, 
        1, 1, 1, 1, 1, 1, 1, 1, 1, 1, 1, 1, 1, 1, 1, 1, 1, 1, 
        1, 1, 1, 1, 1, 1, 1, 1, 1, 1, 1, 1, 1, 1, 1, 1, 1, 1, 
        1, 1, 1, 1, 1, 1, 1, 1, 1, 1, 1, 1, 1, 1, 1, 1, 1, 1, 
        1, 1, 1, 1, 1, 1, 1, 1, 1,  ],
    [ 0.996, 0.996, 0.996, 0.996, 0.996, 0.996, 0.996, 0.996, 
        0.996, 0.996, 0.996, 0.996, 0.996, 0.996, 0.996, 0.996, 
        0.996, 0.996, 0.996, 0.996, 0.996, 0.996, 0.996, 0.996, 
        0.996, 0.996, 0.996, 0.996, 0.996, 0.996, 0.996, 0.996, 
        0.996, 0.996, 0.996, 0.996, 0.996, 0.996, 0.996, 0.996, 
        0.996, 0.996, 0.996, 0.996, 0.996, 0.996, 0.996, 0.996, 
        0.996, 0.996, 0.996, 0.996, 0.996, 0.996, 0.996, 0.996, 
        0.996, 0.996, 0.996, 0.996, 0.996, 0.996, 0.996, 0.996, 
        0.996, 0.996, 0.996, 0.996, 0.996, 0.996, 0.996, 0.996, 
        0.996, 0.996, 0.996, 0.996, 0.996, 0.996, 0.996, 0.996, 
        0.996, 0.996, 0.996, 0.996, 0.996, 0.996, 0.996, 0.996, 
        0.996, 0.996, 0.996, 0.996, 0.996, 0.996, 0.996, 0.996, 
        0.996, 0.996, 0.996, 0.996,  ],
    [ 0.988, 0.988, 0.988, 0.988, 0.988, 0.988, 0.988, 0.988, 
        0.988, 0.988, 0.988, 0.988, 0.988, 0.988, 0.988, 0.988, 
        0.988, 0.988, 0.988, 0.988, 0.988, 0.988, 0.988, 0.988, 
        0.988, 0.988, 0.988, 0.988, 0.988, 0.988, 0.988, 0.988, 
        0.988, 0.988, 0.988, 0.988, 0.988, 0.988, 0.988, 0.988, 
        0.988, 0.988, 0.988, 0.988, 0.988, 0.988, 0.988, 0.988, 
        0.988, 0.988, 0.988, 0.988, 0.988, 0.988, 0.988, 0.988, 
        0.988, 0.988, 0.988, 0.988, 0.988, 0.988, 0.988, 0.988, 
        0.988, 0.988, 0.988, 0.988, 0.988, 0.988, 0.988, 0.988, 
        0.988, 0.988, 0.988, 0.988, 0.988, 0.988, 0.988, 0.988, 
        0.988, 0.988, 0.988, 0.988, 0.988, 0.988, 0.988, 0.988, 
        0.988, 0.988, 0.988, 0.988, 0.988, 0.988, 0.988, 0.988, 
        0.988, 0.988, 0.988, 0.988,  ],
];

