// Image VSC-rectangle.png (82x26)
// Original luminances: min=0, max=255
// Texture heights: min=0.0, max=1.0
texture = [
    [ 0, 0, 0.004, 0.004, 0.004, 0, 0, 0, 0, 0, 0, 0, 0, 0, 0, 
        0, 0, 0, 0, 0, 0, 0, 0, 0, 0, 0.004, 0, 0.004, 0.004, 
        0, 0.004, 0.004, 0.004, 0.004, 0.004, 0.004, 0.004, 0.004, 
        0.004, 0.004, 0.004, 0.004, 0.004, 0.004, 0.004, 0.004, 
        0.004, 0.004, 0.004, 0.004, 0.004, 0.004, 0.004, 0.004, 
        0, 0, 0, 0, 0, 0.004, 0, 0.004, 0, 0, 0, 0, 0, 0, 0, 
        0, 0, 0, 0, 0, 0, 0, 0, 0, 0, 0.004, 0, 0,  ],
    [ 0, 0.035, 0.078, 0.071, 0.075, 0.067, 0.063, 0.063, 0.063, 
        0.063, 0.063, 0.063, 0.063, 0.063, 0.063, 0.063, 0.063, 
        0.063, 0.063, 0.063, 0.067, 0, 0, 0, 0.004, 0.004, 0.004, 
        0.071, 0.071, 0.067, 0.067, 0.067, 0.067, 0.067, 0.067, 
        0.067, 0.067, 0.067, 0.067, 0.067, 0.067, 0.067, 0.067, 
        0.067, 0.067, 0.067, 0.067, 0.067, 0.067, 0.067, 0.067, 
        0.067, 0.067, 0.067, 0.059, 0, 0, 0, 0.004, 0.004, 0.008, 
        0.067, 0.063, 0.063, 0.063, 0.063, 0.063, 0.063, 0.063, 
        0.063, 0.063, 0.063, 0.063, 0.063, 0.063, 0.063, 0.063, 
        0.063, 0.063, 0.067, 0.024, 0,  ],
    [ 0, 0.275, 0.58, 0.549, 0.557, 0.545, 0.541, 0.541, 0.541, 
        0.541, 0.541, 0.541, 0.541, 0.541, 0.541, 0.541, 0.541, 
        0.541, 0.541, 0.537, 0.557, 0.325, 0.02, 0.004, 0.004, 
        0.027, 0.373, 0.561, 0.549, 0.545, 0.545, 0.545, 0.545, 
        0.545, 0.545, 0.545, 0.545, 0.545, 0.545, 0.545, 0.545, 
        0.545, 0.545, 0.545, 0.545, 0.545, 0.545, 0.545, 0.545, 
        0.545, 0.545, 0.545, 0.545, 0.545, 0.549, 0.294, 0.012, 
        0.004, 0.004, 0.039, 0.392, 0.557, 0.537, 0.541, 0.541, 
        0.541, 0.541, 0.541, 0.541, 0.541, 0.541, 0.541, 0.541, 
        0.541, 0.541, 0.541, 0.541, 0.541, 0.537, 0.561, 0.18, 
        0,  ],
    [ 0, 0.486, 1, 0.973, 0.984, 0.976, 0.976, 0.976, 0.976, 
        0.976, 0.976, 0.976, 0.976, 0.976, 0.976, 0.976, 0.976, 
        0.976, 0.976, 0.973, 0.984, 0.827, 0.255, 0.004, 0.024, 
        0.412, 0.867, 0.984, 0.976, 0.976, 0.976, 0.976, 0.976, 
        0.976, 0.976, 0.976, 0.976, 0.976, 0.976, 0.976, 0.976, 
        0.976, 0.976, 0.976, 0.976, 0.976, 0.976, 0.976, 0.976, 
        0.976, 0.976, 0.976, 0.976, 0.976, 0.984, 0.796, 0.204, 
        0.004, 0.027, 0.435, 0.882, 0.98, 0.973, 0.976, 0.976, 
        0.976, 0.976, 0.976, 0.976, 0.976, 0.976, 0.976, 0.976, 
        0.976, 0.976, 0.976, 0.976, 0.976, 0.973, 0.992, 0.322, 
        0,  ],
    [ 0, 0.49, 1, 0.984, 0.996, 0.996, 0.996, 0.996, 0.996, 0.996, 
        0.996, 0.996, 0.996, 0.996, 0.996, 0.996, 0.996, 1, 0.996, 
        1, 0.992, 0.859, 0.251, 0, 0.38, 0.882, 0.984, 0.992, 
        1, 0.996, 1, 1, 1, 1, 1, 1, 1, 1, 1, 1, 1, 1, 1, 1, 1, 
        1, 1, 1, 1, 1, 1, 1, 0.996, 1, 0.992, 0.827, 0.204, 0.004, 
        0.396, 0.894, 0.984, 0.992, 1, 1, 1, 1, 1, 1, 1, 1, 1, 
        1, 1, 1, 1, 1, 1, 0.996, 0.992, 1, 0.325, 0,  ],
    [ 0, 0.486, 1, 0.988, 0.914, 0.627, 0.627, 0.627, 0.627, 
        0.627, 0.627, 0.627, 0.627, 0.627, 0.627, 0.627, 0.627, 
        0.631, 0.62, 0.659, 0.82, 0.392, 0.016, 0.333, 0.859, 
        0.98, 0.984, 0.89, 0.627, 0.631, 0.635, 0.635, 0.635, 
        0.635, 0.635, 0.635, 0.635, 0.635, 0.635, 0.631, 0.631, 
        0.631, 0.631, 0.635, 0.635, 0.635, 0.635, 0.635, 0.635, 
        0.635, 0.631, 0.635, 0.62, 0.686, 0.82, 0.337, 0.008, 
        0.349, 0.867, 0.98, 0.984, 0.882, 0.624, 0.635, 0.631, 
        0.635, 0.635, 0.635, 0.635, 0.635, 0.635, 0.631, 0.631, 
        0.631, 0.631, 0.624, 0.659, 0.965, 0.992, 1, 0.325, 0, 
         ],
    [ 0, 0.486, 1, 1, 0.804, 0.129, 0.129, 0.129, 0.129, 0.129, 
        0.129, 0.129, 0.129, 0.129, 0.129, 0.129, 0.129, 0.133, 
        0.122, 0.161, 0.318, 0.035, 0.302, 0.831, 0.984, 0.98, 
        0.925, 0.443, 0.125, 0.133, 0.133, 0.133, 0.133, 0.133, 
        0.133, 0.133, 0.133, 0.133, 0.133, 0.133, 0.133, 0.133, 
        0.133, 0.133, 0.133, 0.133, 0.133, 0.133, 0.133, 0.133, 
        0.133, 0.133, 0.122, 0.184, 0.318, 0.008, 0.322, 0.843, 
        0.984, 0.98, 0.91, 0.42, 0.125, 0.133, 0.133, 0.133, 
        0.133, 0.133, 0.133, 0.133, 0.133, 0.133, 0.129, 0.129, 
        0.133, 0.122, 0.18, 0.922, 1, 1, 0.325, 0,  ],
    [ 0, 0.486, 1, 1, 0.78, 0.012, 0.004, 0.004, 0, 0.008, 0.012, 
        0.008, 0.008, 0.008, 0.008, 0.012, 0, 0, 0.008, 0.004, 
        0, 0.267, 0.804, 0.984, 0.984, 0.945, 0.49, 0.051, 0.012, 
        0.004, 0, 0, 0.012, 0.008, 0.008, 0.008, 0.008, 0.012, 
        0.004, 0, 0.008, 0.004, 0, 0.008, 0.012, 0.008, 0.008, 
        0.008, 0.008, 0.012, 0, 0, 0.012, 0.004, 0, 0.298, 0.82, 
        0.984, 0.984, 0.929, 0.455, 0.035, 0.012, 0.004, 0, 0, 
        0.012, 0.008, 0.012, 0.012, 0.008, 0.012, 0.004, 0, 0.008, 
        0, 0.075, 0.91, 1, 1, 0.325, 0,  ],
    [ 0, 0.486, 1, 1, 0.784, 0.02, 0.004, 0.004, 0.227, 0.416, 
        0.404, 0.404, 0.404, 0.404, 0.404, 0.412, 0.369, 0.094, 
        0.008, 0.004, 0.255, 0.769, 0.988, 0.984, 0.965, 0.533, 
        0.067, 0.086, 0.012, 0.004, 0.153, 0.392, 0.404, 0.404, 
        0.404, 0.404, 0.404, 0.404, 0.404, 0.176, 0.008, 0.004, 
        0.251, 0.416, 0.4, 0.404, 0.404, 0.404, 0.404, 0.416, 
        0.353, 0.063, 0.012, 0.004, 0.282, 0.8, 0.984, 0.984, 
        0.949, 0.494, 0.047, 0.094, 0.012, 0.004, 0.137, 0.396, 
        0.408, 0.404, 0.408, 0.408, 0.404, 0.408, 0.404, 0.184, 
        0.008, 0, 0.094, 0.914, 1, 1, 0.325, 0,  ],
    [ 0, 0.486, 1, 1, 0.784, 0.02, 0, 0.094, 0.729, 0.906, 0.89, 
        0.894, 0.894, 0.894, 0.894, 0.898, 0.871, 0.549, 0.078, 
        0, 0.518, 1, 0.988, 0.98, 0.58, 0.086, 0.204, 0.58, 0.161, 
        0, 0.325, 0.89, 0.89, 0.894, 0.894, 0.894, 0.894, 0.894, 
        0.898, 0.678, 0.153, 0, 0.467, 0.91, 0.89, 0.894, 0.894, 
        0.894, 0.894, 0.902, 0.851, 0.486, 0.047, 0, 0.576, 1, 
        0.984, 0.969, 0.545, 0.063, 0.231, 0.596, 0.149, 0, 0.239, 
        0.875, 0.894, 0.894, 0.894, 0.894, 0.894, 0.894, 0.898, 
        0.651, 0.039, 0, 0.09, 0.914, 1, 1, 0.325, 0,  ],
    [ 0, 0.486, 1, 1, 0.784, 0.024, 0, 0.22, 0.992, 0.992, 0.996, 
        1, 1, 1, 1, 1, 0.98, 0.957, 0.518, 0.059, 0.263, 0.78, 
        0.996, 0.608, 0.114, 0.204, 0.702, 0.992, 0.647, 0.137, 
        0.173, 0.671, 1, 1, 1, 1, 1, 1, 0.988, 1, 0.639, 0.106, 
        0.216, 0.741, 1, 1, 1, 1, 1, 1, 0.984, 0.922, 0.447, 
        0.024, 0.294, 0.804, 1, 0.592, 0.094, 0.216, 0.729, 1, 
        0.635, 0.122, 0.102, 0.584, 0.98, 1, 1, 1, 1, 0.992, 
        1, 0.937, 0.106, 0, 0.094, 0.914, 1, 1, 0.325, 0,  ],
    [ 0, 0.486, 1, 1, 0.784, 0.024, 0, 0.243, 0.984, 0.992, 0.992, 
        0.784, 0.729, 0.745, 0.725, 0.855, 0.98, 0.984, 0.941, 
        0.475, 0.027, 0.282, 0.592, 0.129, 0, 0.42, 1, 0.988, 
        0.988, 0.616, 0.118, 0.173, 0.659, 0.753, 0.733, 0.741, 
        0.729, 0.796, 0.988, 0.992, 0.984, 0.553, 0.051, 0.243, 
        0.706, 0.749, 0.737, 0.741, 0.725, 0.871, 0.984, 0.984, 
        0.898, 0.404, 0.008, 0.322, 0.6, 0.122, 0, 0.459, 1, 
        0.984, 0.984, 0.592, 0.102, 0.11, 0.62, 0.753, 0.737, 
        0.725, 0.82, 0.992, 1, 0.937, 0.129, 0, 0.094, 0.914, 
        1, 1, 0.325, 0,  ],
    [ 0, 0.486, 1, 1, 0.784, 0.024, 0, 0.239, 0.984, 1, 0.988, 
        0.345, 0.231, 0.247, 0.227, 0.357, 0.855, 0.984, 0.98, 
        0.918, 0.416, 0.016, 0.098, 0.012, 0.008, 0.216, 0.737, 
        0.988, 0.984, 0.98, 0.588, 0.094, 0.161, 0.255, 0.235, 
        0.239, 0.231, 0.294, 0.773, 0.992, 0.984, 0.945, 0.447, 
        0.016, 0.204, 0.247, 0.235, 0.243, 0.227, 0.38, 0.875, 
        0.984, 0.98, 0.878, 0.369, 0.016, 0.102, 0.008, 0.004, 
        0.243, 0.765, 0.984, 0.988, 0.969, 0.553, 0.075, 0.137, 
        0.255, 0.239, 0.224, 0.455, 1, 1, 0.937, 0.125, 0, 0.094, 
        0.914, 1, 1, 0.325, 0,  ],
    [ 0, 0.486, 1, 1, 0.784, 0.024, 0, 0.243, 0.988, 1, 0.984, 
        0.176, 0.012, 0.031, 0.031, 0, 0.369, 0.882, 0.98, 0.98, 
        0.886, 0.365, 0.02, 0.016, 0.008, 0, 0.235, 0.773, 0.984, 
        0.984, 0.969, 0.541, 0.086, 0.02, 0.031, 0.027, 0.035, 
        0.004, 0.271, 0.839, 0.984, 0.984, 0.894, 0.361, 0.024, 
        0.031, 0.031, 0.027, 0.035, 0.008, 0.404, 0.906, 0.98, 
        0.98, 0.859, 0.325, 0.012, 0.012, 0.004, 0, 0.263, 0.792, 
        0.988, 0.984, 0.953, 0.502, 0.075, 0.024, 0.039, 0.008, 
        0.314, 1, 1, 0.941, 0.125, 0, 0.098, 0.914, 1, 1, 0.325, 
        0,  ],
    [ 0, 0.486, 1, 1, 0.784, 0.024, 0, 0.239, 0.984, 1, 0.992, 
        0.557, 0.439, 0.459, 0.482, 0.255, 0.016, 0.416, 0.898, 
        0.98, 0.976, 0.851, 0.259, 0.004, 0.039, 0.306, 0.063, 
        0.275, 0.804, 0.984, 0.984, 0.945, 0.557, 0.443, 0.463, 
        0.455, 0.478, 0.349, 0.004, 0.345, 0.886, 0.984, 0.988, 
        0.843, 0.471, 0.459, 0.463, 0.455, 0.482, 0.278, 0.027, 
        0.451, 0.929, 0.98, 0.976, 0.824, 0.208, 0.004, 0.059, 
        0.302, 0.031, 0.29, 0.816, 0.984, 0.984, 0.925, 0.541, 
        0.447, 0.471, 0.431, 0.627, 1, 1, 0.937, 0.125, 0, 0.094, 
        0.914, 1, 1, 0.325, 0,  ],
    [ 0, 0.486, 1, 1, 0.784, 0.024, 0, 0.247, 0.992, 0.992, 0.992, 
        0.941, 0.925, 0.925, 0.949, 0.753, 0.2, 0.031, 0.443, 
        0.91, 0.976, 0.855, 0.255, 0, 0.392, 0.804, 0.443, 0.031, 
        0.306, 0.835, 0.984, 0.984, 0.969, 0.922, 0.929, 0.925, 
        0.945, 0.843, 0.322, 0.004, 0.431, 0.937, 0.988, 0.984, 
        0.945, 0.925, 0.929, 0.925, 0.949, 0.78, 0.255, 0.043, 
        0.502, 0.945, 0.976, 0.824, 0.2, 0.016, 0.443, 0.804, 
        0.388, 0.02, 0.318, 0.843, 0.984, 0.984, 0.965, 0.922, 
        0.929, 0.925, 0.949, 0.992, 1, 0.949, 0.129, 0, 0.094, 
        0.914, 1, 1, 0.325, 0,  ],
    [ 0, 0.486, 1, 1, 0.784, 0.02, 0, 0.169, 0.929, 0.992, 0.992, 
        1, 1, 1, 1, 1, 0.698, 0.102, 0.043, 0.482, 0.827, 0.392, 
        0.02, 0.333, 0.855, 0.976, 0.882, 0.325, 0, 0.349, 0.855, 
        0.984, 0.996, 1, 1, 1, 1, 1, 0.82, 0.22, 0.047, 0.537, 
        0.969, 0.984, 1, 1, 1, 1, 1, 1, 0.757, 0.137, 0.075, 
        0.569, 0.827, 0.329, 0.004, 0.38, 0.882, 0.976, 0.855, 
        0.282, 0, 0.361, 0.863, 0.984, 1, 1, 1, 1, 1, 0.992, 
        1, 0.859, 0.075, 0, 0.094, 0.914, 1, 1, 0.325, 0,  ],
    [ 0, 0.486, 1, 1, 0.784, 0.016, 0, 0.039, 0.494, 0.694, 0.686, 
        0.69, 0.69, 0.69, 0.686, 0.694, 0.663, 0.129, 0, 0.075, 
        0.325, 0.035, 0.306, 0.831, 0.984, 0.976, 0.922, 0.357, 
        0, 0.012, 0.369, 0.675, 0.694, 0.686, 0.69, 0.69, 0.686, 
        0.69, 0.682, 0.282, 0, 0.102, 0.549, 0.698, 0.686, 0.69, 
        0.69, 0.69, 0.686, 0.694, 0.643, 0.149, 0.004, 0.122, 
        0.329, 0.004, 0.333, 0.863, 0.984, 0.976, 0.886, 0.306, 
        0, 0.016, 0.388, 0.682, 0.69, 0.69, 0.69, 0.69, 0.69, 
        0.69, 0.686, 0.42, 0.008, 0, 0.09, 0.914, 1, 1, 0.325, 
        0,  ],
    [ 0, 0.486, 1, 1, 0.788, 0.02, 0.004, 0.008, 0.067, 0.196, 
        0.188, 0.188, 0.188, 0.188, 0.188, 0.192, 0.161, 0.027, 
        0.008, 0.008, 0, 0.271, 0.804, 0.984, 0.984, 0.949, 0.49, 
        0.063, 0.004, 0.004, 0.016, 0.173, 0.192, 0.188, 0.188, 
        0.188, 0.188, 0.188, 0.184, 0.059, 0.004, 0.008, 0.078, 
        0.196, 0.188, 0.188, 0.188, 0.188, 0.188, 0.196, 0.145, 
        0.012, 0.012, 0, 0, 0.318, 0.835, 0.984, 0.984, 0.914, 
        0.424, 0.047, 0.008, 0.004, 0.024, 0.18, 0.192, 0.188, 
        0.188, 0.188, 0.188, 0.188, 0.188, 0.043, 0.008, 0, 0.094, 
        0.914, 1, 1, 0.325, 0,  ],
    [ 0, 0.486, 1, 1, 0.78, 0.012, 0, 0.008, 0, 0, 0, 0, 0, 0, 
        0, 0, 0, 0, 0.004, 0.008, 0.235, 0.773, 0.988, 0.984, 
        0.965, 0.533, 0.067, 0.09, 0.004, 0.004, 0, 0, 0, 0, 
        0, 0, 0, 0, 0, 0, 0.004, 0.008, 0, 0, 0, 0, 0, 0, 0, 
        0, 0, 0, 0.004, 0, 0.294, 0.816, 0.984, 0.984, 0.933, 
        0.463, 0.035, 0.098, 0.004, 0.004, 0, 0, 0, 0, 0, 0, 
        0, 0, 0, 0, 0.008, 0, 0.075, 0.91, 1, 1, 0.325, 0,  ],
    [ 0, 0.486, 1, 0.996, 0.847, 0.333, 0.337, 0.337, 0.337, 
        0.337, 0.337, 0.337, 0.337, 0.337, 0.337, 0.337, 0.337, 
        0.337, 0.333, 0.353, 0.737, 0.996, 0.988, 0.98, 0.576, 
        0.086, 0.208, 0.573, 0.341, 0.333, 0.337, 0.337, 0.337, 
        0.337, 0.337, 0.337, 0.337, 0.337, 0.337, 0.337, 0.337, 
        0.337, 0.337, 0.337, 0.337, 0.337, 0.337, 0.337, 0.337, 
        0.337, 0.337, 0.337, 0.329, 0.369, 0.792, 0.988, 0.984, 
        0.953, 0.51, 0.047, 0.235, 0.592, 0.337, 0.337, 0.337, 
        0.337, 0.337, 0.337, 0.337, 0.337, 0.337, 0.337, 0.337, 
        0.337, 0.337, 0.333, 0.373, 0.933, 1, 1, 0.325, 0,  ],
    [ 0, 0.482, 1, 0.98, 0.961, 0.835, 0.835, 0.835, 0.835, 0.835, 
        0.835, 0.835, 0.835, 0.835, 0.835, 0.835, 0.835, 0.839, 
        0.831, 0.851, 0.988, 0.996, 0.988, 0.612, 0.11, 0.2, 
        0.71, 0.98, 0.843, 0.835, 0.835, 0.835, 0.835, 0.835, 
        0.835, 0.835, 0.835, 0.835, 0.835, 0.835, 0.835, 0.835, 
        0.835, 0.835, 0.835, 0.835, 0.835, 0.835, 0.835, 0.835, 
        0.835, 0.839, 0.831, 0.867, 0.984, 0.988, 0.973, 0.553, 
        0.075, 0.216, 0.737, 0.988, 0.839, 0.835, 0.839, 0.839, 
        0.839, 0.839, 0.839, 0.839, 0.839, 0.839, 0.839, 0.839, 
        0.839, 0.835, 0.847, 0.976, 0.988, 1, 0.322, 0,  ],
    [ 0, 0.498, 1, 0.984, 0.996, 1, 1, 1, 1, 1, 1, 1, 1, 1, 1, 
        1, 1, 1, 1, 1, 0.988, 1, 0.639, 0.133, 0, 0.416, 1, 0.996, 
        1, 1, 1, 1, 1, 1, 1, 1, 1, 1, 1, 1, 1, 1, 1, 1, 1, 1, 
        1, 1, 1, 1, 1, 1, 1, 1, 0.984, 0.992, 0.6, 0.098, 0, 
        0.455, 1, 0.996, 1, 1, 1, 1, 1, 1, 1, 1, 1, 1, 1, 1, 
        1, 1, 1, 0.992, 0.988, 1, 0.333, 0,  ],
    [ 0, 0.416, 0.839, 0.816, 0.82, 0.82, 0.82, 0.82, 0.82, 0.82, 
        0.82, 0.82, 0.82, 0.82, 0.82, 0.82, 0.82, 0.82, 0.82, 
        0.816, 0.824, 0.643, 0.149, 0.008, 0.004, 0.212, 0.671, 
        0.831, 0.816, 0.816, 0.82, 0.82, 0.82, 0.82, 0.82, 0.82, 
        0.82, 0.82, 0.82, 0.82, 0.82, 0.82, 0.82, 0.82, 0.82, 
        0.82, 0.82, 0.82, 0.82, 0.82, 0.82, 0.82, 0.816, 0.816, 
        0.82, 0.616, 0.125, 0.008, 0, 0.239, 0.69, 0.827, 0.82, 
        0.82, 0.82, 0.82, 0.82, 0.82, 0.82, 0.82, 0.82, 0.82, 
        0.82, 0.82, 0.82, 0.82, 0.82, 0.82, 0.816, 0.831, 0.278, 
        0,  ],
    [ 0, 0.157, 0.337, 0.314, 0.318, 0.318, 0.318, 0.318, 0.318, 
        0.318, 0.318, 0.318, 0.318, 0.318, 0.318, 0.318, 0.318, 
        0.318, 0.318, 0.318, 0.325, 0.145, 0.004, 0.008, 0.004, 
        0.004, 0.173, 0.329, 0.318, 0.318, 0.318, 0.318, 0.318, 
        0.318, 0.318, 0.318, 0.318, 0.318, 0.318, 0.318, 0.318, 
        0.318, 0.318, 0.318, 0.318, 0.318, 0.318, 0.318, 0.318, 
        0.318, 0.318, 0.318, 0.318, 0.318, 0.318, 0.122, 0.004, 
        0.008, 0, 0, 0.188, 0.329, 0.318, 0.318, 0.318, 0.318, 
        0.318, 0.318, 0.318, 0.318, 0.318, 0.318, 0.318, 0.318, 
        0.318, 0.318, 0.318, 0.318, 0.318, 0.329, 0.106, 0,  ],
    [ 0, 0, 0.004, 0.004, 0.004, 0.004, 0.004, 0.004, 0.004, 
        0.004, 0.004, 0.004, 0.004, 0.004, 0.004, 0.004, 0.004, 
        0.004, 0.004, 0.004, 0.004, 0.004, 0.004, 0, 0, 0.004, 
        0.004, 0.004, 0.004, 0.004, 0.004, 0.004, 0.004, 0.004, 
        0.004, 0.004, 0.004, 0.004, 0.004, 0.004, 0.004, 0.004, 
        0.004, 0.004, 0.004, 0.004, 0.004, 0.004, 0.004, 0.004, 
        0.004, 0.004, 0.004, 0.004, 0.004, 0.004, 0.004, 0, 0, 
        0, 0.004, 0.004, 0.004, 0.004, 0.004, 0.004, 0.004, 0.004, 
        0.004, 0.004, 0.004, 0.004, 0.004, 0.004, 0.004, 0.004, 
        0.004, 0.004, 0.004, 0.004, 0, 0,  ],
];

