// Image VSC-3braid.png (33x64)
// Original luminances: min=0, max=255
// Texture heights: min=0.0, max=1.0
texture = [
    [ 0, 0, 0, 0, 0, 0, 0, 0, 0, 0, 0, 0, 0, 0, 0, 0, 0, 0, 0, 
        0, 0, 0, 0, 0, 0, 0, 0, 0, 0, 0, 0, 0, 0,  ],
    [ 0, 0, 0, 0, 0, 0, 0, 0, 0, 0, 0, 0, 0, 0, 0, 0, 0, 0, 0, 
        0, 0, 0, 0, 0, 0, 0, 0, 0, 0, 0, 0, 0, 0,  ],
    [ 0, 0, 0, 0, 0, 0, 0, 0, 0, 0, 0.024, 0.051, 0.075, 0.09, 
        0.102, 0.102, 0.102, 0.102, 0.102, 0.094, 0.078, 0.059, 
        0.031, 0.008, 0, 0, 0, 0, 0, 0, 0, 0, 0,  ],
    [ 0, 0, 0, 0, 0, 0, 0.016, 0.008, 0.047, 0.098, 0.31, 0.533, 
        0.722, 0.855, 0.925, 0.949, 0.953, 0.949, 0.933, 0.886, 
        0.761, 0.588, 0.376, 0.149, 0.063, 0.016, 0.012, 0.004, 
        0, 0, 0, 0, 0,  ],
    [ 0, 0, 0, 0, 0.008, 0.004, 0.043, 0.165, 0.506, 0.827, 0.996, 
        1, 1, 1, 1, 0.996, 0.992, 0.992, 0.996, 1, 1, 1, 1, 0.886, 
        0.604, 0.247, 0.063, 0.008, 0.012, 0, 0, 0, 0,  ],
    [ 0, 0, 0, 0.016, 0.012, 0.078, 0.467, 0.898, 0.996, 1, 0.992, 
        0.98, 0.949, 0.929, 0.906, 0.859, 0.843, 0.851, 0.894, 
        0.925, 0.945, 0.973, 0.988, 1, 1, 0.973, 0.608, 0.149, 
        0.027, 0.016, 0, 0, 0,  ],
    [ 0, 0, 0.016, 0.027, 0.188, 0.761, 0.996, 1, 0.984, 0.965, 
        0.918, 0.722, 0.49, 0.31, 0.184, 0.114, 0.102, 0.11, 
        0.157, 0.275, 0.431, 0.655, 0.878, 0.949, 0.988, 0.988, 
        0.996, 0.882, 0.341, 0.047, 0.008, 0.004, 0,  ],
    [ 0.004, 0.012, 0.043, 0.329, 0.91, 0.996, 0.976, 0.984, 
        0.918, 0.592, 0.224, 0.02, 0, 0, 0, 0, 0, 0, 0, 0, 0, 
        0, 0.145, 0.486, 0.859, 0.965, 0.973, 1, 1, 0.478, 0.067, 
        0, 0.008,  ],
    [ 0.004, 0.063, 0.463, 1, 0.996, 0.973, 0.965, 0.761, 0.235, 
        0, 0, 0, 0.016, 0.012, 0.008, 0.008, 0.008, 0.008, 0.008, 
        0.012, 0.016, 0.004, 0, 0, 0.125, 0.62, 0.945, 0.984, 
        0.992, 0.996, 0.639, 0.094, 0.012,  ],
    [ 0.094, 0.616, 0.996, 1, 0.984, 0.949, 0.596, 0.047, 0.004, 
        0.012, 0.012, 0.004, 0, 0, 0, 0.004, 0.004, 0.004, 0, 
        0, 0, 0, 0.008, 0.016, 0, 0, 0.439, 0.925, 0.996, 0.976, 
        0.996, 0.776, 0.18,  ],
    [ 0.804, 0.996, 0.984, 0.996, 0.929, 0.463, 0, 0, 0.02, 0, 
        0, 0, 0, 0.012, 0.008, 0.008, 0.012, 0.008, 0.004, 0.012, 
        0.004, 0, 0, 0, 0.012, 0.008, 0, 0.278, 0.871, 0.984, 
        0.969, 0.996, 0.89,  ],
    [ 0.996, 0.984, 0.98, 0.886, 0.302, 0, 0.012, 0.012, 0.004, 
        0, 0, 0.008, 0.004, 0.035, 0.075, 0.153, 0.2, 0.176, 
        0.082, 0.047, 0.004, 0.012, 0, 0, 0, 0.004, 0.016, 0, 
        0.165, 0.761, 0.969, 0.973, 1,  ],
    [ 0.953, 1, 0.808, 0.173, 0, 0.016, 0.008, 0.004, 0.004, 
        0, 0.012, 0.008, 0.078, 0.404, 0.729, 0.886, 0.922, 0.906, 
        0.788, 0.506, 0.137, 0.024, 0.016, 0, 0, 0, 0, 0.016, 
        0, 0.051, 0.624, 0.953, 0.984,  ],
    [ 0.973, 1, 0.741, 0.102, 0.02, 0.016, 0, 0, 0, 0.016, 0.02, 
        0.149, 0.733, 1, 1, 1, 1, 1, 1, 0.996, 0.859, 0.294, 
        0.039, 0.016, 0.004, 0, 0, 0, 0.016, 0, 0, 0.494, 0.933, 
         ],
    [ 0.749, 0.969, 1, 0.855, 0.251, 0.035, 0.016, 0.004, 0.016, 
        0.035, 0.271, 0.863, 0.996, 0.984, 0.988, 0.992, 0.996, 
        0.992, 0.988, 0.984, 1, 0.984, 0.42, 0.055, 0.008, 0.008, 
        0, 0, 0, 0.008, 0.004, 0, 0.337,  ],
    [ 0.055, 0.627, 0.953, 1, 0.957, 0.384, 0.051, 0.008, 0.051, 
        0.396, 0.969, 1, 0.984, 0.996, 1, 1, 1, 1, 1, 1, 0.988, 
        1, 1, 0.565, 0.075, 0.004, 0.012, 0, 0, 0, 0.004, 0.008, 
        0,  ],
    [ 0, 0, 0.502, 0.933, 0.996, 1, 0.518, 0.09, 0.533, 1, 1, 
        0.984, 1, 1, 1, 1, 1, 1, 1, 1, 1, 0.992, 0.992, 1, 0.714, 
        0.118, 0.016, 0.016, 0, 0, 0, 0, 0.012,  ],
    [ 0.008, 0.004, 0, 0.337, 0.898, 0.988, 1, 0.851, 1, 1, 0.992, 
        1, 1, 1, 1, 1, 1, 1, 1, 1, 1, 1, 0.996, 0.984, 1, 0.824, 
        0.224, 0.031, 0.016, 0, 0, 0, 0,  ],
    [ 0, 0.004, 0.012, 0, 0.216, 0.812, 0.973, 1, 0.992, 0.996, 
        1, 1, 1, 1, 1, 1, 1, 1, 1, 1, 1, 1, 1, 1, 0.984, 1, 0.937, 
        0.361, 0.047, 0.012, 0.004, 0, 0,  ],
    [ 0, 0, 0, 0.016, 0, 0.09, 0.678, 0.961, 0.984, 0.996, 1, 
        1, 1, 1, 1, 1, 1, 1, 1, 1, 1, 1, 1, 1, 0.988, 0.98, 0.992, 
        0.992, 0.494, 0.067, 0, 0.012, 0,  ],
    [ 0, 0, 0, 0, 0.016, 0, 0.012, 0.557, 0.937, 0.996, 0.992, 
        1, 1, 1, 1, 1, 1, 1, 1, 1, 1, 1, 0.996, 0.988, 0.961, 
        0.718, 0.867, 0.992, 1, 0.659, 0.09, 0.012, 0.016,  ],
    [ 0.008, 0.004, 0, 0, 0, 0.012, 0, 0, 0.396, 0.922, 0.992, 
        0.984, 1, 1, 1, 1, 1, 1, 1, 1, 1, 0.992, 1, 0.937, 0.557, 
        0, 0.227, 0.831, 0.976, 1, 0.776, 0.184, 0.027,  ],
    [ 0.063, 0, 0.012, 0, 0, 0, 0.004, 0.012, 0, 0.263, 0.855, 
        0.98, 0.984, 1, 1, 1, 1, 1, 1, 1, 0.984, 0.992, 0.922, 
        0.388, 0, 0.004, 0, 0.11, 0.698, 0.965, 1, 0.898, 0.318, 
         ],
    [ 0.631, 0.098, 0.012, 0.016, 0.004, 0, 0, 0, 0.016, 0, 0.137, 
        0.725, 0.965, 0.984, 0.996, 1, 1, 1, 1, 0.984, 0.98, 
        0.855, 0.259, 0.004, 0.016, 0.004, 0.016, 0, 0.024, 0.592, 
        0.945, 1, 0.973,  ],
    [ 1, 0.792, 0.188, 0.024, 0.016, 0, 0, 0, 0, 0.016, 0, 0.035, 
        0.612, 0.945, 0.996, 0.996, 1, 0.996, 0.984, 0.965, 0.729, 
        0.133, 0.004, 0.016, 0.004, 0, 0, 0.012, 0.008, 0.012, 
        0.514, 1, 0.996,  ],
    [ 1, 1, 0.914, 0.306, 0.039, 0.016, 0.004, 0, 0, 0, 0.012, 
        0.004, 0, 0.459, 0.945, 1, 0.992, 0.992, 0.945, 0.616, 
        0.039, 0, 0.016, 0, 0, 0, 0, 0.016, 0.024, 0.192, 0.741, 
        1, 0.992,  ],
    [ 1, 0.984, 1, 0.98, 0.424, 0.059, 0.004, 0.008, 0, 0, 0, 
        0.016, 0.004, 0.075, 0.753, 1, 1, 0.929, 0.459, 0, 0, 
        0.016, 0, 0, 0, 0.004, 0.016, 0.039, 0.314, 0.918, 1, 
        0.992, 1,  ],
    [ 1, 1, 0.988, 1, 1, 0.592, 0.075, 0.004, 0.012, 0.004, 0.016, 
        0.016, 0.118, 0.706, 1, 0.988, 0.898, 0.318, 0, 0.016, 
        0.008, 0, 0, 0, 0.008, 0.004, 0.059, 0.439, 0.984, 1, 
        0.984, 0.996, 0.996,  ],
    [ 1, 1, 1, 0.996, 0.992, 1, 0.718, 0.129, 0.02, 0.024, 0.031, 
        0.227, 0.827, 1, 0.973, 0.788, 0.188, 0, 0.016, 0.004, 
        0, 0, 0, 0.016, 0.008, 0.075, 0.6, 1, 1, 0.988, 1, 1, 
        1,  ],
    [ 1, 1, 1, 1, 1, 0.984, 1, 0.855, 0.255, 0.059, 0.345, 0.933, 
        1, 0.957, 0.671, 0.075, 0, 0.016, 0, 0, 0, 0, 0.016, 
        0.02, 0.145, 0.729, 0.996, 0.988, 0.996, 1, 1, 1, 1, 
         ],
    [ 1, 1, 1, 1, 1, 1, 0.984, 1, 0.922, 0.6, 0.969, 1, 0.937, 
        0.529, 0.008, 0, 0.016, 0, 0, 0, 0, 0.016, 0.031, 0.259, 
        0.863, 0.996, 0.984, 0.996, 1, 1, 1, 1, 1,  ],
    [ 1, 1, 1, 1, 1, 1, 1, 0.988, 0.996, 1, 0.992, 0.922, 0.373, 
        0, 0, 0.008, 0, 0, 0, 0.004, 0.008, 0.051, 0.365, 0.953, 
        0.996, 0.984, 1, 1, 1, 1, 1, 1, 1,  ],
    [ 1, 1, 1, 1, 1, 1, 1, 1, 0.98, 0.98, 0.827, 0.243, 0.004, 
        0.012, 0.004, 0, 0, 0, 0.012, 0, 0.067, 0.522, 1, 1, 
        0.984, 1, 1, 1, 1, 1, 1, 1, 1,  ],
    [ 1, 1, 1, 1, 1, 1, 0.996, 0.984, 0.965, 0.722, 0.114, 0.004, 
        0.02, 0, 0, 0, 0, 0.016, 0.012, 0.094, 0.663, 1, 0.988, 
        0.906, 0.941, 1, 0.992, 1, 1, 1, 1, 1, 1,  ],
    [ 1, 1, 1, 1, 1, 0.992, 0.996, 0.945, 0.592, 0.035, 0.004, 
        0.02, 0, 0, 0, 0, 0.016, 0.024, 0.2, 0.796, 1, 0.976, 
        0.804, 0.212, 0.424, 0.929, 0.996, 0.988, 1, 1, 1, 1, 
        1,  ],
    [ 1, 1, 1, 1, 0.988, 0.996, 0.929, 0.431, 0, 0, 0.02, 0.004, 
        0.004, 0, 0.004, 0.016, 0.043, 0.31, 0.914, 1, 0.961, 
        0.698, 0.094, 0.004, 0, 0.318, 0.886, 0.984, 0.984, 1, 
        1, 1, 1,  ],
    [ 1, 1, 1, 0.984, 0.984, 0.878, 0.302, 0.004, 0.016, 0.016, 
        0.008, 0.008, 0.004, 0.008, 0, 0.063, 0.463, 0.984, 0.996, 
        0.937, 0.557, 0.024, 0, 0.02, 0.016, 0, 0.176, 0.776, 
        0.973, 0.984, 1, 1, 1,  ],
    [ 1, 1, 0.988, 0.973, 0.765, 0.161, 0.004, 0.024, 0.012, 
        0.004, 0.004, 0, 0.016, 0.008, 0.078, 0.612, 1, 1, 0.953, 
        0.4, 0, 0.008, 0.016, 0, 0, 0.016, 0, 0.071, 0.659, 0.953, 
        0.988, 0.996, 1,  ],
    [ 1, 0.992, 0.961, 0.667, 0.063, 0.004, 0.02, 0.004, 0.008, 
        0.004, 0, 0.016, 0.02, 0.161, 0.749, 1, 0.984, 1, 0.922, 
        0.247, 0.035, 0.027, 0.004, 0, 0, 0, 0.016, 0, 0, 0.506, 
        0.937, 1, 0.988,  ],
    [ 1, 1, 0.678, 0.027, 0, 0.02, 0, 0.004, 0.004, 0.004, 0.016, 
        0.035, 0.267, 0.878, 1, 0.984, 1, 0.992, 1, 0.961, 0.396, 
        0.055, 0.012, 0.008, 0, 0, 0, 0.008, 0, 0, 0.369, 0.918, 
        0.988,  ],
    [ 0.953, 1, 0.882, 0.345, 0.047, 0.016, 0.012, 0.008, 0.016, 
        0.012, 0.055, 0.396, 0.957, 1, 0.984, 1, 1, 1, 0.992, 
        1, 1, 0.553, 0.071, 0.004, 0.012, 0, 0, 0, 0.004, 0.012, 
        0, 0.231, 0.816,  ],
    [ 0.502, 0.937, 1, 1, 0.506, 0.063, 0, 0.02, 0.004, 0.071, 
        0.549, 1, 1, 0.988, 1, 1, 1, 1, 1, 0.992, 0.996, 1, 0.678, 
        0.114, 0.016, 0.016, 0.004, 0, 0, 0, 0.016, 0, 0.114, 
         ],
    [ 0, 0.38, 0.922, 0.988, 1, 0.631, 0.09, 0.024, 0.118, 0.675, 
        1, 0.992, 0.992, 1, 1, 1, 1, 1, 1, 1, 0.996, 0.984, 1, 
        0.824, 0.216, 0.027, 0.016, 0, 0, 0, 0, 0.012, 0,  ],
    [ 0.012, 0, 0.239, 0.82, 0.98, 1, 0.761, 0.314, 0.808, 1, 
        0.984, 0.996, 1, 1, 1, 1, 1, 1, 1, 1, 1, 1, 0.984, 1, 
        0.922, 0.329, 0.047, 0.012, 0.004, 0, 0, 0, 0.004,  ],
    [ 0, 0.016, 0, 0.11, 0.722, 0.961, 1, 1, 1, 0.988, 1, 1, 
        1, 1, 1, 1, 1, 1, 1, 1, 1, 1, 1, 0.984, 1, 0.996, 0.482, 
        0.063, 0.004, 0.012, 0, 0, 0,  ],
    [ 0, 0, 0.016, 0, 0.031, 0.573, 0.945, 0.992, 0.984, 1, 1, 
        1, 1, 1, 1, 1, 1, 1, 1, 1, 1, 1, 1, 1, 0.988, 0.992, 
        1, 0.62, 0.082, 0.012, 0.016, 0.004, 0,  ],
    [ 0, 0, 0, 0.012, 0, 0, 0.431, 0.925, 0.996, 0.988, 1, 1, 
        1, 1, 1, 1, 1, 1, 1, 1, 1, 1, 1, 0.992, 1, 0.945, 0.976, 
        1, 0.765, 0.176, 0.02, 0.016, 0,  ],
    [ 0.004, 0, 0, 0, 0.008, 0.008, 0, 0.286, 0.863, 0.984, 0.984, 
        1, 1, 1, 1, 1, 1, 1, 1, 1, 1, 1, 0.984, 0.992, 0.922, 
        0.431, 0.698, 0.965, 1, 0.886, 0.278, 0.039, 0.016,  ],
    [ 0.012, 0.012, 0, 0, 0, 0.004, 0.016, 0, 0.145, 0.769, 0.969, 
        0.984, 1, 1, 1, 1, 1, 1, 1, 1, 1, 0.984, 0.98, 0.835, 
        0.251, 0.004, 0.047, 0.592, 0.945, 1, 0.965, 0.431, 0.059, 
         ],
    [ 0.173, 0.02, 0.016, 0, 0, 0, 0, 0.016, 0, 0.063, 0.635, 
        0.949, 0.992, 0.992, 1, 1, 1, 1, 1, 0.996, 0.984, 0.965, 
        0.733, 0.122, 0, 0.02, 0, 0, 0.447, 0.929, 0.992, 1, 
        0.573,  ],
    [ 0.863, 0.282, 0.039, 0.016, 0.004, 0, 0, 0, 0.012, 0, 0, 
        0.49, 0.929, 0.988, 0.988, 0.984, 0.984, 0.984, 0.988, 
        0.992, 0.941, 0.592, 0.039, 0, 0.016, 0, 0.008, 0.004, 
        0.004, 0.314, 0.859, 1, 0.996,  ],
    [ 0.996, 0.976, 0.424, 0.055, 0.004, 0.008, 0, 0, 0, 0.008, 
        0, 0, 0.322, 0.784, 0.925, 0.949, 0.957, 0.949, 0.929, 
        0.839, 0.408, 0, 0, 0.012, 0, 0, 0, 0.008, 0.024, 0.043, 
        0.471, 1, 0.98,  ],
    [ 0.953, 1, 1, 0.561, 0.075, 0.004, 0.012, 0, 0, 0, 0.004, 
        0.012, 0, 0.047, 0.29, 0.463, 0.537, 0.482, 0.329, 0.082, 
        0, 0.008, 0.008, 0, 0, 0, 0.008, 0, 0.059, 0.475, 0.961, 
        1, 0.988,  ],
    [ 0.941, 1, 0.984, 0.996, 0.706, 0.133, 0.016, 0.016, 0, 
        0, 0, 0, 0.012, 0, 0, 0, 0, 0, 0, 0, 0.012, 0, 0, 0, 
        0.004, 0.016, 0.008, 0.078, 0.592, 0.996, 1, 0.992, 0.949, 
         ],
    [ 0.408, 0.902, 0.988, 0.973, 0.996, 0.843, 0.224, 0.035, 
        0.016, 0.008, 0, 0, 0, 0.004, 0.012, 0.016, 0.012, 0.016, 
        0.012, 0.004, 0, 0, 0, 0.004, 0.016, 0.024, 0.157, 0.749, 
        0.996, 0.98, 0.996, 0.929, 0.486,  ],
    [ 0.004, 0.22, 0.824, 0.976, 0.969, 0.996, 0.933, 0.384, 
        0.067, 0.016, 0.012, 0.012, 0.004, 0, 0, 0, 0, 0, 0, 
        0, 0.004, 0.008, 0.016, 0.008, 0.055, 0.29, 0.863, 0.996, 
        0.969, 0.988, 0.89, 0.329, 0,  ],
    [ 0.02, 0, 0.114, 0.71, 0.961, 0.976, 1, 0.996, 0.643, 0.22, 
        0.067, 0.027, 0.008, 0.004, 0.012, 0.012, 0.012, 0.012, 
        0.012, 0.008, 0.004, 0.024, 0.059, 0.165, 0.565, 0.98, 
        1, 0.969, 0.973, 0.8, 0.184, 0, 0.016,  ],
    [ 0, 0.016, 0, 0.02, 0.557, 0.933, 0.992, 0.984, 1, 0.949, 
        0.639, 0.345, 0.153, 0.078, 0.063, 0.055, 0.047, 0.055, 
        0.063, 0.075, 0.129, 0.306, 0.584, 0.906, 1, 0.988, 0.992, 
        0.945, 0.655, 0.086, 0, 0.016, 0,  ],
    [ 0, 0, 0.012, 0, 0, 0.357, 0.835, 0.953, 0.988, 0.996, 1, 
        1, 0.894, 0.733, 0.616, 0.553, 0.506, 0.541, 0.604, 0.71, 
        0.867, 0.992, 1, 1, 0.988, 0.961, 0.886, 0.451, 0, 0, 
        0.016, 0, 0,  ],
    [ 0, 0, 0, 0.004, 0.008, 0, 0.102, 0.514, 0.851, 0.941, 0.973, 
        0.996, 1, 1, 1, 1, 1, 1, 1, 1, 1, 0.996, 0.976, 0.949, 
        0.89, 0.58, 0.153, 0, 0, 0.008, 0, 0, 0,  ],
    [ 0, 0, 0, 0, 0, 0.016, 0, 0, 0.114, 0.408, 0.682, 0.847, 
        0.89, 0.89, 0.89, 0.89, 0.89, 0.89, 0.89, 0.89, 0.89, 
        0.867, 0.714, 0.463, 0.157, 0, 0, 0.012, 0.004, 0, 0, 
        0, 0,  ],
    [ 0, 0, 0, 0, 0, 0, 0, 0, 0, 0, 0, 0, 0, 0, 0, 0, 0, 0, 0, 
        0, 0, 0, 0, 0, 0, 0, 0, 0, 0, 0, 0, 0, 0,  ],
    [ 0, 0, 0, 0, 0, 0, 0, 0, 0, 0, 0, 0, 0, 0, 0, 0, 0, 0, 0, 
        0, 0, 0, 0, 0, 0, 0, 0, 0, 0, 0, 0, 0, 0,  ],
    [ 0, 0, 0, 0, 0, 0, 0, 0, 0, 0, 0, 0, 0, 0, 0, 0, 0, 0, 0, 
        0, 0, 0, 0, 0, 0, 0, 0, 0, 0, 0, 0, 0, 0,  ],
];

