// Image B.png (20x20)
// Original luminances: min=0, max=225
// Texture heights: min=0.0, max=1.0
B = [
    [ 0, 0, 0, 0, 0, 0, 0, 0, 0, 0, 0, 0, 0, 0, 0, 0, 0, 0, 0, 
        0,  ],
    [ 0, 0, 0, 0, 0, 0, 0, 0, 0, 0, 0, 0, 0, 0, 0, 0, 0, 0, 0, 
        0,  ],
    [ 0, 0, 0, 0, 0, 0.164, 0.218, 0.218, 0.218, 0.218, 0.209, 
        0.182, 0.098, 0, 0, 0, 0, 0, 0, 0,  ],
    [ 0, 0, 0, 0, 0, 0.684, 0.92, 0.916, 0.911, 0.911, 0.898, 
        0.822, 0.609, 0.244, 0.004, 0, 0, 0, 0, 0,  ],
    [ 0, 0, 0, 0, 0, 0.742, 1, 0.618, 0.538, 0.538, 0.564, 0.667, 
        0.929, 0.827, 0.178, 0, 0, 0, 0, 0,  ],
    [ 0, 0, 0, 0, 0, 0.742, 1, 0.169, 0, 0, 0.018, 0.116, 0.533, 
        0.996, 0.538, 0, 0, 0, 0, 0,  ],
    [ 0, 0, 0, 0, 0, 0.742, 1, 0.169, 0, 0, 0, 0, 0.156, 1, 0.711, 
        0, 0, 0, 0, 0,  ],
    [ 0, 0, 0, 0, 0, 0.742, 1, 0.169, 0, 0, 0, 0, 0.2, 1, 0.627, 
        0, 0, 0, 0, 0,  ],
    [ 0, 0, 0, 0, 0, 0.742, 1, 0.169, 0, 0, 0, 0.111, 0.72, 0.978, 
        0.298, 0, 0, 0, 0, 0,  ],
    [ 0, 0, 0, 0, 0, 0.742, 1, 0.711, 0.649, 0.653, 0.738, 0.916, 
        0.831, 0.32, 0.013, 0, 0, 0, 0, 0,  ],
    [ 0, 0, 0, 0, 0, 0.742, 1, 0.964, 0.956, 0.956, 0.96, 0.969, 
        0.911, 0.551, 0.053, 0, 0, 0, 0, 0,  ],
    [ 0, 0, 0, 0, 0, 0.742, 1, 0.218, 0.062, 0.062, 0.08, 0.222, 
        0.707, 0.982, 0.636, 0.031, 0, 0, 0, 0,  ],
    [ 0, 0, 0, 0, 0, 0.742, 1, 0.169, 0, 0, 0, 0, 0.076, 0.818, 
        0.884, 0.222, 0, 0, 0, 0,  ],
    [ 0, 0, 0, 0, 0, 0.742, 1, 0.169, 0, 0, 0, 0, 0, 0.542, 0.92, 
        0.347, 0, 0, 0, 0,  ],
    [ 0, 0, 0, 0, 0, 0.742, 1, 0.169, 0, 0, 0, 0, 0.027, 0.689, 
        0.907, 0.302, 0, 0, 0, 0,  ],
    [ 0, 0, 0, 0, 0, 0.742, 1, 0.324, 0.191, 0.191, 0.209, 0.271, 
        0.502, 0.947, 0.782, 0.116, 0, 0, 0, 0,  ],
    [ 0, 0, 0, 0, 0, 0.742, 1, 0.813, 0.773, 0.773, 0.787, 0.827, 
        0.956, 0.822, 0.307, 0.004, 0, 0, 0, 0,  ],
    [ 0, 0, 0, 0, 0, 0.462, 0.627, 0.627, 0.627, 0.627, 0.613, 
        0.556, 0.387, 0.182, 0.022, 0, 0, 0, 0, 0,  ],
    [ 0, 0, 0, 0, 0, 0.053, 0.076, 0.076, 0.076, 0.076, 0.071, 
        0.062, 0.027, 0, 0, 0, 0, 0, 0, 0,  ],
    [ 0, 0, 0, 0, 0, 0, 0, 0, 0, 0, 0, 0, 0, 0, 0, 0, 0, 0, 0, 
        0,  ],
];

