// Image star140.png (140x140)
// Original luminances: min=0, max=255
// Texture heights: min=0.0, max=1.0
star = [
    [ 0, 0, 0, 0, 0, 0, 0, 0, 0, 0, 0, 0, 0, 0, 0, 0, 0, 0, 0, 
        0, 0, 0, 0, 0, 0, 0, 0, 0, 0, 0, 0, 0, 0, 0, 0, 0, 0, 
        0, 0, 0, 0, 0, 0, 0, 0, 0, 0, 0, 0, 0, 0, 0, 0, 0, 0, 
        0, 0, 0, 0, 0, 0, 0, 0, 0, 0, 0, 0, 0, 0, 0, 0, 0, 0, 
        0, 0, 0, 0, 0, 0, 0, 0, 0, 0, 0, 0, 0, 0, 0, 0, 0, 0, 
        0, 0, 0, 0, 0, 0, 0, 0, 0, 0, 0, 0, 0, 0, 0, 0, 0, 0, 
        0, 0, 0, 0, 0, 0, 0, 0, 0, 0, 0, 0, 0, 0, 0, 0, 0, 0, 
        0, 0, 0, 0, 0, 0, 0, 0, 0, 0, 0, 0, 0,  ],
    [ 0, 0, 0, 0, 0, 0, 0, 0, 0, 0, 0, 0, 0, 0, 0, 0, 0, 0, 0, 
        0, 0, 0, 0, 0, 0, 0, 0, 0, 0, 0, 0, 0, 0, 0, 0, 0, 0, 
        0, 0, 0, 0, 0, 0, 0, 0, 0, 0, 0, 0, 0, 0, 0, 0, 0, 0, 
        0, 0, 0, 0, 0, 0, 0, 0, 0, 0, 0, 0, 0, 0, 0, 0, 0, 0, 
        0, 0, 0, 0, 0, 0, 0, 0, 0, 0, 0, 0, 0, 0, 0, 0, 0, 0, 
        0, 0, 0, 0, 0, 0, 0, 0, 0, 0, 0, 0, 0, 0, 0, 0, 0, 0, 
        0, 0, 0, 0, 0, 0, 0, 0, 0, 0, 0, 0, 0, 0, 0, 0, 0, 0, 
        0, 0, 0, 0, 0, 0, 0, 0, 0, 0, 0, 0, 0,  ],
    [ 0, 0, 0, 0, 0, 0, 0, 0, 0, 0, 0, 0, 0, 0, 0, 0, 0, 0, 0, 
        0, 0, 0, 0, 0, 0, 0, 0, 0, 0, 0, 0, 0, 0, 0, 0, 0, 0, 
        0, 0, 0, 0, 0, 0, 0, 0, 0, 0, 0, 0, 0, 0, 0, 0, 0, 0, 
        0, 0, 0, 0, 0, 0, 0, 0, 0, 0, 0, 0, 0, 0, 0, 0, 0, 0, 
        0, 0, 0, 0, 0, 0, 0, 0, 0, 0, 0, 0, 0, 0, 0, 0, 0, 0, 
        0, 0, 0, 0, 0, 0, 0, 0, 0, 0, 0, 0, 0, 0, 0, 0, 0, 0, 
        0, 0, 0, 0, 0, 0, 0, 0, 0, 0, 0, 0, 0, 0, 0, 0, 0, 0, 
        0, 0, 0, 0, 0, 0, 0, 0, 0, 0, 0, 0, 0,  ],
    [ 0, 0, 0, 0, 0, 0, 0, 0, 0, 0, 0, 0, 0, 0, 0, 0, 0, 0, 0, 
        0, 0, 0, 0, 0, 0, 0, 0, 0, 0, 0, 0, 0, 0, 0, 0, 0, 0, 
        0, 0, 0, 0, 0, 0, 0, 0, 0, 0, 0, 0, 0, 0, 0, 0, 0, 0, 
        0, 0, 0, 0, 0, 0, 0, 0, 0, 0, 0, 0, 0, 0, 0, 0, 0, 0, 
        0, 0, 0, 0, 0, 0, 0, 0, 0, 0, 0, 0, 0, 0, 0, 0, 0, 0, 
        0, 0, 0, 0, 0, 0, 0, 0, 0, 0, 0, 0, 0, 0, 0, 0, 0, 0, 
        0, 0, 0, 0, 0, 0, 0, 0, 0, 0, 0, 0, 0, 0, 0, 0, 0, 0, 
        0, 0, 0, 0, 0, 0, 0, 0, 0, 0, 0, 0, 0,  ],
    [ 0, 0, 0, 0, 0, 0, 0, 0, 0, 0, 0, 0, 0, 0, 0, 0, 0, 0, 0, 
        0, 0, 0, 0, 0, 0, 0, 0, 0, 0, 0, 0, 0, 0, 0, 0, 0, 0, 
        0, 0, 0, 0, 0, 0, 0, 0, 0, 0, 0, 0, 0, 0, 0, 0, 0, 0, 
        0, 0, 0, 0, 0, 0, 0, 0, 0, 0, 0, 0, 0, 0, 0, 0, 0, 0, 
        0, 0, 0, 0, 0, 0, 0, 0, 0, 0, 0, 0, 0, 0, 0, 0, 0, 0, 
        0, 0, 0, 0, 0, 0, 0, 0, 0, 0, 0, 0, 0, 0, 0, 0, 0, 0, 
        0, 0, 0, 0, 0, 0, 0, 0, 0, 0, 0, 0, 0, 0, 0, 0, 0, 0, 
        0, 0, 0, 0, 0, 0, 0, 0, 0, 0, 0, 0, 0,  ],
    [ 0, 0, 0, 0, 0, 0, 0, 0, 0, 0, 0, 0, 0, 0, 0, 0, 0, 0, 0, 
        0, 0, 0, 0, 0, 0, 0, 0, 0, 0, 0, 0, 0, 0, 0, 0, 0, 0, 
        0, 0, 0, 0, 0, 0, 0, 0, 0, 0, 0, 0, 0, 0, 0, 0, 0, 0, 
        0, 0, 0, 0, 0, 0, 0, 0, 0, 0, 0, 0, 0, 0, 0, 0, 0, 0, 
        0, 0, 0, 0, 0, 0, 0, 0, 0, 0, 0, 0, 0, 0, 0, 0, 0, 0, 
        0, 0, 0, 0, 0, 0, 0, 0, 0, 0, 0, 0, 0, 0, 0, 0, 0, 0, 
        0, 0, 0, 0, 0, 0, 0, 0, 0, 0, 0, 0, 0, 0, 0, 0, 0, 0, 
        0, 0, 0, 0, 0, 0, 0, 0, 0, 0, 0, 0, 0,  ],
    [ 0, 0, 0, 0, 0, 0, 0, 0, 0, 0, 0, 0, 0, 0, 0, 0, 0, 0, 0, 
        0, 0, 0, 0, 0, 0, 0, 0, 0, 0, 0, 0, 0, 0, 0, 0, 0, 0, 
        0, 0, 0, 0, 0, 0, 0, 0, 0, 0, 0, 0, 0, 0, 0, 0, 0, 0, 
        0, 0, 0, 0, 0, 0, 0, 0, 0, 0, 0, 0, 0, 0, 0.004, 0.008, 
        0.004, 0, 0, 0, 0, 0, 0, 0, 0, 0, 0, 0, 0, 0, 0, 0, 0, 
        0, 0, 0, 0, 0, 0, 0, 0, 0, 0, 0, 0, 0, 0, 0, 0, 0, 0, 
        0, 0, 0, 0, 0, 0, 0, 0, 0, 0, 0, 0, 0, 0, 0, 0, 0, 0, 
        0, 0, 0, 0, 0, 0, 0, 0, 0, 0, 0, 0, 0, 0, 0, 0,  ],
    [ 0, 0, 0, 0, 0, 0, 0, 0, 0, 0, 0, 0, 0, 0, 0, 0, 0, 0, 0, 
        0, 0, 0, 0, 0, 0, 0, 0, 0, 0, 0, 0, 0, 0, 0, 0, 0, 0, 
        0, 0, 0, 0, 0, 0, 0, 0, 0, 0, 0, 0, 0, 0, 0, 0, 0, 0, 
        0, 0, 0, 0, 0, 0, 0, 0, 0, 0, 0, 0, 0, 0.004, 0, 0, 0, 
        0, 0, 0, 0, 0, 0, 0, 0, 0, 0, 0, 0, 0, 0, 0, 0, 0, 0, 
        0, 0, 0, 0, 0, 0, 0, 0, 0, 0, 0, 0, 0, 0, 0, 0, 0, 0, 
        0, 0, 0, 0, 0, 0, 0, 0, 0, 0, 0, 0, 0, 0, 0, 0, 0, 0, 
        0, 0, 0, 0, 0, 0, 0, 0, 0, 0, 0, 0, 0, 0,  ],
    [ 0, 0, 0, 0, 0, 0, 0, 0, 0, 0, 0, 0, 0, 0, 0, 0, 0, 0, 0, 
        0, 0, 0, 0, 0, 0, 0, 0, 0, 0, 0, 0, 0, 0, 0, 0, 0, 0, 
        0, 0, 0, 0, 0, 0, 0, 0, 0, 0, 0, 0, 0, 0, 0, 0, 0, 0, 
        0, 0, 0, 0, 0, 0, 0, 0, 0, 0, 0, 0, 0.004, 0, 0.067, 
        0.396, 0.251, 0, 0.004, 0, 0, 0, 0, 0, 0, 0, 0, 0, 0, 
        0, 0, 0, 0, 0, 0, 0, 0, 0, 0, 0, 0, 0, 0, 0, 0, 0, 0, 
        0, 0, 0, 0, 0, 0, 0, 0, 0, 0, 0, 0, 0, 0, 0, 0, 0, 0, 
        0, 0, 0, 0, 0, 0, 0, 0, 0, 0, 0, 0, 0, 0, 0, 0, 0, 0, 
        0, 0,  ],
    [ 0, 0, 0, 0, 0, 0, 0, 0, 0, 0, 0, 0, 0, 0, 0, 0, 0, 0, 0, 
        0, 0, 0, 0, 0, 0, 0, 0, 0, 0, 0, 0, 0, 0, 0, 0, 0, 0, 
        0, 0, 0, 0, 0, 0, 0, 0, 0, 0, 0, 0, 0, 0, 0, 0, 0, 0, 
        0, 0, 0, 0, 0, 0, 0, 0, 0, 0, 0, 0, 0.004, 0, 0.627, 
        1, 0.867, 0.161, 0, 0.008, 0, 0, 0, 0, 0, 0, 0, 0, 0, 
        0, 0, 0, 0, 0, 0, 0, 0, 0, 0, 0, 0, 0, 0, 0, 0, 0, 0, 
        0, 0, 0, 0, 0, 0, 0, 0, 0, 0, 0, 0, 0, 0, 0, 0, 0, 0, 
        0, 0, 0, 0, 0, 0, 0, 0, 0, 0, 0, 0, 0, 0, 0, 0, 0, 0, 
        0, 0,  ],
    [ 0, 0, 0, 0, 0, 0, 0, 0, 0, 0, 0, 0, 0, 0, 0, 0, 0, 0, 0, 
        0, 0, 0, 0, 0, 0, 0, 0, 0, 0, 0, 0, 0, 0, 0, 0, 0, 0, 
        0, 0, 0, 0, 0, 0, 0, 0, 0, 0, 0, 0, 0, 0, 0, 0, 0, 0, 
        0, 0, 0, 0, 0, 0, 0, 0, 0, 0, 0, 0.012, 0, 0.231, 0.973, 
        1, 1, 0.557, 0, 0.004, 0, 0, 0, 0, 0, 0, 0, 0, 0, 0, 
        0, 0, 0, 0, 0, 0, 0, 0, 0, 0, 0, 0, 0, 0, 0, 0, 0, 0, 
        0, 0, 0, 0, 0, 0, 0, 0, 0, 0, 0, 0, 0, 0, 0, 0, 0, 0, 
        0, 0, 0, 0, 0, 0, 0, 0, 0, 0, 0, 0, 0, 0, 0, 0, 0, 0, 
        0,  ],
    [ 0, 0, 0, 0, 0, 0, 0, 0, 0, 0, 0, 0, 0, 0, 0, 0, 0, 0, 0, 
        0, 0, 0, 0, 0, 0, 0, 0, 0, 0, 0, 0, 0, 0, 0, 0, 0, 0, 
        0, 0, 0, 0, 0, 0, 0, 0, 0, 0, 0, 0, 0, 0, 0, 0, 0, 0, 
        0, 0, 0, 0, 0, 0, 0, 0, 0, 0, 0, 0.004, 0, 0.643, 1, 
        0.976, 1, 0.894, 0.18, 0, 0.008, 0, 0, 0, 0, 0, 0, 0, 
        0, 0, 0, 0, 0, 0, 0, 0, 0, 0, 0, 0, 0, 0, 0, 0, 0, 0, 
        0, 0, 0, 0, 0, 0, 0, 0, 0, 0, 0, 0, 0, 0, 0, 0, 0, 0, 
        0, 0, 0, 0, 0, 0, 0, 0, 0, 0, 0, 0, 0, 0, 0, 0, 0, 0, 
        0, 0, 0,  ],
    [ 0, 0, 0, 0, 0, 0, 0, 0, 0, 0, 0, 0, 0, 0, 0, 0, 0, 0, 0, 
        0, 0, 0, 0, 0, 0, 0, 0, 0, 0, 0, 0, 0, 0, 0, 0, 0, 0, 
        0, 0, 0, 0, 0, 0, 0, 0, 0, 0, 0, 0, 0, 0, 0, 0, 0, 0, 
        0, 0, 0, 0, 0, 0, 0, 0, 0, 0, 0.012, 0, 0.227, 0.953, 
        1, 1, 0.996, 1, 0.569, 0, 0.008, 0, 0, 0, 0, 0, 0, 0, 
        0, 0, 0, 0, 0, 0, 0, 0, 0, 0, 0, 0, 0, 0, 0, 0, 0, 0, 
        0, 0, 0, 0, 0, 0, 0, 0, 0, 0, 0, 0, 0, 0, 0, 0, 0, 0, 
        0, 0, 0, 0, 0, 0, 0, 0, 0, 0, 0, 0, 0, 0, 0, 0, 0, 0, 
        0, 0, 0,  ],
    [ 0, 0, 0, 0, 0, 0, 0, 0, 0, 0, 0, 0, 0, 0, 0, 0, 0, 0, 0, 
        0, 0, 0, 0, 0, 0, 0, 0, 0, 0, 0, 0, 0, 0, 0, 0, 0, 0, 
        0, 0, 0, 0, 0, 0, 0, 0, 0, 0, 0, 0, 0, 0, 0, 0, 0, 0, 
        0, 0, 0, 0, 0, 0, 0, 0, 0, 0, 0.008, 0, 0.643, 1, 1, 
        0.871, 0.973, 1, 0.906, 0.125, 0, 0.008, 0, 0, 0, 0, 
        0, 0, 0, 0, 0, 0, 0, 0, 0, 0, 0, 0, 0, 0, 0, 0, 0, 0, 
        0, 0, 0, 0, 0, 0, 0, 0, 0, 0, 0, 0, 0, 0, 0, 0, 0, 0, 
        0, 0, 0, 0, 0, 0, 0, 0, 0, 0, 0, 0, 0, 0, 0, 0, 0, 0, 
        0, 0, 0, 0, 0,  ],
    [ 0, 0, 0, 0, 0, 0, 0, 0, 0, 0, 0, 0, 0, 0, 0, 0, 0, 0, 0, 
        0, 0, 0, 0, 0, 0, 0, 0, 0, 0, 0, 0, 0, 0, 0, 0, 0, 0, 
        0, 0, 0, 0, 0, 0, 0, 0, 0, 0, 0, 0, 0, 0, 0, 0, 0, 0, 
        0, 0, 0, 0, 0, 0, 0, 0, 0, 0.008, 0, 0.216, 0.973, 1, 
        0.973, 0.263, 0.718, 1, 1, 0.545, 0, 0.012, 0, 0, 0, 
        0, 0, 0, 0, 0, 0, 0, 0, 0, 0, 0, 0, 0, 0, 0, 0, 0, 0, 
        0, 0, 0, 0, 0, 0, 0, 0, 0, 0, 0, 0, 0, 0, 0, 0, 0, 0, 
        0, 0, 0, 0, 0, 0, 0, 0, 0, 0, 0, 0, 0, 0, 0, 0, 0, 0, 
        0, 0, 0, 0, 0, 0,  ],
    [ 0, 0, 0, 0, 0, 0, 0, 0, 0, 0, 0, 0, 0, 0, 0, 0, 0, 0, 0, 
        0, 0, 0, 0, 0, 0, 0, 0, 0, 0, 0, 0, 0, 0, 0, 0, 0, 0, 
        0, 0, 0, 0, 0, 0, 0, 0, 0, 0, 0, 0, 0, 0, 0, 0, 0, 0, 
        0, 0, 0, 0, 0, 0, 0, 0, 0, 0.004, 0, 0.631, 1, 1, 0.706, 
        0, 0.373, 1, 1, 0.925, 0.153, 0, 0.008, 0, 0, 0, 0, 0, 
        0, 0, 0, 0, 0, 0, 0, 0, 0, 0, 0, 0, 0, 0, 0, 0, 0, 0, 
        0, 0, 0, 0, 0, 0, 0, 0, 0, 0, 0, 0, 0, 0, 0, 0, 0, 0, 
        0, 0, 0, 0, 0, 0, 0, 0, 0, 0, 0, 0, 0, 0, 0, 0, 0, 0, 
        0, 0, 0,  ],
    [ 0, 0, 0, 0, 0, 0, 0, 0, 0, 0, 0, 0, 0, 0, 0, 0, 0, 0, 0, 
        0, 0, 0, 0, 0, 0, 0, 0, 0, 0, 0, 0, 0, 0, 0, 0, 0, 0, 
        0, 0, 0, 0, 0, 0, 0, 0, 0, 0, 0, 0, 0, 0, 0, 0, 0, 0, 
        0, 0, 0, 0, 0, 0, 0, 0, 0.008, 0, 0.208, 0.953, 1, 0.973, 
        0.325, 0, 0.067, 0.761, 1, 1, 0.569, 0, 0.008, 0, 0, 
        0, 0, 0, 0, 0, 0, 0, 0, 0, 0, 0, 0, 0, 0, 0, 0, 0, 0, 
        0, 0, 0, 0, 0, 0, 0, 0, 0, 0, 0, 0, 0, 0, 0, 0, 0, 0, 
        0, 0, 0, 0, 0, 0, 0, 0, 0, 0, 0, 0, 0, 0, 0, 0, 0, 0, 
        0, 0, 0, 0, 0, 0,  ],
    [ 0, 0, 0, 0, 0, 0, 0, 0, 0, 0, 0, 0, 0, 0, 0, 0, 0, 0, 0, 
        0, 0, 0, 0, 0, 0, 0, 0, 0, 0, 0, 0, 0, 0, 0, 0, 0, 0, 
        0, 0, 0, 0, 0, 0, 0, 0, 0, 0, 0, 0, 0, 0, 0, 0, 0, 0, 
        0, 0, 0, 0, 0, 0, 0, 0, 0.004, 0, 0.631, 1, 1, 0.714, 
        0.031, 0, 0, 0.369, 0.992, 1, 0.89, 0.165, 0, 0.008, 
        0, 0, 0, 0, 0, 0, 0, 0, 0, 0, 0, 0, 0, 0, 0, 0, 0, 0, 
        0, 0, 0, 0, 0, 0, 0, 0, 0, 0, 0, 0, 0, 0, 0, 0, 0, 0, 
        0, 0, 0, 0, 0, 0, 0, 0, 0, 0, 0, 0, 0, 0, 0, 0, 0, 0, 
        0, 0, 0, 0, 0, 0, 0,  ],
    [ 0, 0, 0, 0, 0, 0, 0, 0, 0, 0, 0, 0, 0, 0, 0, 0, 0, 0, 0, 
        0, 0, 0, 0, 0, 0, 0, 0, 0, 0, 0, 0, 0, 0, 0, 0, 0, 0, 
        0, 0, 0, 0, 0, 0, 0, 0, 0, 0, 0, 0, 0, 0, 0, 0, 0, 0, 
        0, 0, 0, 0, 0, 0, 0, 0.008, 0, 0.208, 0.925, 1, 0.984, 
        0.325, 0, 0.016, 0, 0.055, 0.796, 1, 1, 0.541, 0, 0.004, 
        0, 0, 0, 0, 0, 0, 0, 0, 0, 0, 0, 0, 0, 0, 0, 0, 0, 0, 
        0, 0, 0, 0, 0, 0, 0, 0, 0, 0, 0, 0, 0, 0, 0, 0, 0, 0, 
        0, 0, 0, 0, 0, 0, 0, 0, 0, 0, 0, 0, 0, 0, 0, 0, 0, 0, 
        0, 0, 0, 0, 0, 0, 0,  ],
    [ 0, 0, 0, 0, 0, 0, 0, 0, 0, 0, 0, 0, 0, 0, 0, 0, 0, 0, 0, 
        0, 0, 0, 0, 0, 0, 0, 0, 0, 0, 0, 0, 0, 0, 0, 0, 0, 0, 
        0, 0, 0, 0, 0, 0, 0, 0, 0, 0, 0, 0, 0, 0, 0, 0, 0, 0, 
        0, 0, 0, 0, 0, 0, 0, 0.004, 0, 0.604, 1, 1, 0.737, 0.024, 
        0, 0.004, 0.012, 0, 0.404, 1, 1, 0.886, 0.145, 0, 0.008, 
        0, 0, 0, 0, 0, 0, 0, 0, 0, 0, 0, 0, 0, 0, 0, 0, 0, 0, 
        0, 0, 0, 0, 0, 0, 0, 0, 0, 0, 0, 0, 0, 0, 0, 0, 0, 0, 
        0, 0, 0, 0, 0, 0, 0, 0, 0, 0, 0, 0, 0, 0, 0, 0, 0, 0, 
        0, 0, 0, 0, 0, 0,  ],
    [ 0, 0, 0, 0, 0, 0, 0, 0, 0, 0, 0, 0, 0, 0, 0, 0, 0, 0, 0, 
        0, 0, 0, 0, 0, 0, 0, 0, 0, 0, 0, 0, 0, 0, 0, 0, 0, 0, 
        0, 0, 0, 0, 0, 0, 0, 0, 0, 0, 0, 0, 0, 0, 0, 0, 0, 0, 
        0, 0, 0, 0, 0, 0, 0.008, 0, 0.2, 0.953, 1, 1, 0.275, 
        0, 0.012, 0, 0.004, 0, 0.051, 0.812, 1, 1, 0.482, 0, 
        0.012, 0, 0, 0, 0, 0, 0, 0, 0, 0, 0, 0, 0, 0, 0, 0, 0, 
        0, 0, 0, 0, 0, 0, 0, 0, 0, 0, 0, 0, 0, 0, 0, 0, 0, 0, 
        0, 0, 0, 0, 0, 0, 0, 0, 0, 0, 0, 0, 0, 0, 0, 0, 0, 0, 
        0, 0, 0, 0, 0, 0, 0, 0,  ],
    [ 0, 0, 0, 0, 0, 0, 0, 0, 0, 0, 0, 0, 0, 0, 0, 0, 0, 0, 0, 
        0, 0, 0, 0, 0, 0, 0, 0, 0, 0, 0, 0, 0, 0, 0, 0, 0, 0, 
        0, 0, 0, 0, 0, 0, 0, 0, 0, 0, 0, 0, 0, 0, 0, 0, 0, 0, 
        0, 0, 0, 0, 0, 0, 0.008, 0, 0.616, 1, 1, 0.729, 0, 0, 
        0, 0, 0, 0.012, 0, 0.4, 1, 1, 0.886, 0.125, 0, 0.008, 
        0, 0, 0, 0, 0, 0, 0, 0, 0, 0, 0, 0, 0, 0, 0, 0, 0, 0, 
        0, 0, 0, 0, 0, 0, 0, 0, 0, 0, 0, 0, 0, 0, 0, 0, 0, 0, 
        0, 0, 0, 0, 0, 0, 0, 0, 0, 0, 0, 0, 0, 0, 0, 0, 0, 0, 
        0, 0, 0, 0, 0,  ],
    [ 0, 0, 0, 0, 0, 0, 0, 0, 0, 0, 0, 0, 0, 0, 0, 0, 0, 0, 0, 
        0, 0, 0, 0, 0, 0, 0, 0, 0, 0, 0, 0, 0, 0, 0, 0, 0, 0, 
        0, 0, 0, 0, 0, 0, 0, 0, 0, 0, 0, 0, 0, 0, 0, 0, 0, 0, 
        0, 0, 0, 0, 0, 0.008, 0, 0.176, 0.941, 1, 0.984, 0.341, 
        0, 0.008, 0, 0, 0, 0.004, 0, 0.063, 0.796, 1, 1, 0.506, 
        0, 0.012, 0, 0, 0, 0, 0, 0, 0, 0, 0, 0, 0, 0, 0, 0, 0, 
        0, 0, 0, 0, 0, 0, 0, 0, 0, 0, 0, 0, 0, 0, 0, 0, 0, 0, 
        0, 0, 0, 0, 0, 0, 0, 0, 0, 0, 0, 0, 0, 0, 0, 0, 0, 0, 
        0, 0, 0, 0, 0, 0, 0, 0,  ],
    [ 0, 0, 0, 0, 0, 0, 0, 0, 0, 0, 0, 0, 0, 0, 0, 0, 0, 0, 0, 
        0, 0, 0, 0, 0, 0, 0, 0, 0, 0, 0, 0, 0, 0, 0, 0, 0, 0, 
        0, 0, 0, 0, 0, 0, 0, 0, 0, 0, 0, 0, 0, 0, 0, 0, 0, 0, 
        0, 0, 0, 0, 0, 0.008, 0, 0.592, 1, 1, 0.722, 0.039, 0, 
        0.004, 0, 0, 0, 0, 0.012, 0, 0.408, 1, 1, 0.925, 0.157, 
        0, 0.008, 0, 0, 0, 0, 0, 0, 0, 0, 0, 0, 0, 0, 0, 0, 0, 
        0, 0, 0, 0, 0, 0, 0, 0, 0, 0, 0, 0, 0, 0, 0, 0, 0, 0, 
        0, 0, 0, 0, 0, 0, 0, 0, 0, 0, 0, 0, 0, 0, 0, 0, 0, 0, 
        0, 0, 0, 0, 0, 0, 0,  ],
    [ 0, 0, 0, 0, 0, 0, 0, 0, 0, 0, 0, 0, 0, 0, 0, 0, 0, 0, 0, 
        0, 0, 0, 0, 0, 0, 0, 0, 0, 0, 0, 0, 0, 0, 0, 0, 0, 0, 
        0, 0, 0, 0, 0, 0, 0, 0, 0, 0, 0, 0, 0, 0, 0, 0, 0, 0, 
        0, 0, 0, 0, 0.008, 0, 0.192, 0.937, 1, 0.98, 0.333, 0, 
        0.008, 0, 0, 0, 0, 0, 0.004, 0, 0.075, 0.796, 1, 1, 0.522, 
        0, 0.004, 0, 0, 0, 0, 0, 0, 0, 0, 0, 0, 0, 0, 0, 0, 0, 
        0, 0, 0, 0, 0, 0, 0, 0, 0, 0, 0, 0, 0, 0, 0, 0, 0, 0, 
        0, 0, 0, 0, 0, 0, 0, 0, 0, 0, 0, 0, 0, 0, 0, 0, 0, 0, 
        0, 0, 0, 0, 0, 0, 0,  ],
    [ 0, 0, 0, 0, 0, 0, 0, 0, 0, 0, 0, 0, 0, 0, 0, 0, 0, 0, 0, 
        0, 0, 0, 0, 0, 0, 0, 0, 0, 0, 0, 0, 0, 0, 0, 0, 0, 0, 
        0, 0, 0, 0, 0, 0, 0, 0, 0, 0, 0, 0, 0, 0, 0, 0, 0, 0, 
        0, 0, 0, 0, 0.004, 0, 0.592, 1, 1, 0.729, 0.043, 0, 0.004, 
        0, 0, 0, 0, 0, 0, 0.012, 0, 0.4, 1, 1, 0.863, 0.145, 
        0, 0.008, 0, 0, 0, 0, 0, 0, 0, 0, 0, 0, 0, 0, 0, 0, 0, 
        0, 0, 0, 0, 0, 0, 0, 0, 0, 0, 0, 0, 0, 0, 0, 0, 0, 0, 
        0, 0, 0, 0, 0, 0, 0, 0, 0, 0, 0, 0, 0, 0, 0, 0, 0, 0, 
        0, 0, 0, 0, 0, 0,  ],
    [ 0, 0, 0, 0, 0, 0, 0, 0, 0, 0, 0, 0, 0, 0, 0, 0, 0, 0, 0, 
        0, 0, 0, 0, 0, 0, 0, 0, 0, 0, 0, 0, 0, 0, 0, 0, 0, 0, 
        0, 0, 0, 0, 0, 0, 0, 0, 0, 0, 0, 0, 0, 0, 0, 0, 0, 0, 
        0, 0, 0, 0.012, 0, 0.188, 0.918, 1, 1, 0.365, 0, 0.012, 
        0, 0, 0, 0.004, 0, 0, 0, 0.004, 0, 0.063, 0.82, 1, 1, 
        0.49, 0, 0.008, 0, 0, 0, 0, 0, 0, 0, 0, 0, 0, 0, 0, 0, 
        0, 0, 0, 0, 0, 0, 0, 0, 0, 0, 0, 0, 0, 0, 0, 0, 0, 0, 
        0, 0, 0, 0, 0, 0, 0, 0, 0, 0, 0, 0, 0, 0, 0, 0, 0, 0, 
        0, 0, 0, 0, 0, 0, 0, 0,  ],
    [ 0, 0, 0, 0, 0, 0, 0, 0, 0, 0, 0, 0, 0, 0, 0, 0, 0, 0, 0, 
        0, 0, 0, 0, 0, 0, 0, 0, 0, 0, 0, 0, 0, 0, 0, 0, 0, 0, 
        0, 0, 0, 0, 0, 0, 0, 0, 0, 0, 0, 0, 0, 0, 0, 0, 0, 0, 
        0, 0, 0, 0.008, 0, 0.518, 1, 1, 0.78, 0.035, 0, 0.004, 
        0, 0, 0.004, 0, 0, 0, 0, 0, 0.012, 0, 0.424, 1, 1, 0.855, 
        0.09, 0, 0.008, 0, 0, 0, 0, 0, 0, 0, 0, 0, 0, 0, 0, 0, 
        0, 0, 0, 0, 0, 0, 0, 0, 0, 0, 0, 0, 0, 0, 0, 0, 0, 0, 
        0, 0, 0, 0, 0, 0, 0, 0, 0, 0, 0, 0, 0, 0, 0, 0, 0, 0, 
        0, 0, 0, 0, 0, 0, 0,  ],
    [ 0, 0, 0, 0, 0, 0, 0, 0, 0, 0, 0, 0, 0, 0, 0, 0, 0, 0, 0, 
        0, 0, 0, 0, 0, 0, 0, 0, 0, 0, 0, 0, 0, 0, 0, 0, 0, 0, 
        0, 0, 0, 0, 0, 0, 0, 0, 0, 0, 0, 0, 0, 0, 0, 0, 0, 0, 
        0, 0, 0.008, 0, 0.165, 0.91, 1, 1, 0.318, 0, 0.016, 0, 
        0, 0.004, 0, 0.082, 0.027, 0, 0, 0, 0.004, 0, 0.063, 
        0.851, 1, 1, 0.463, 0, 0.012, 0, 0, 0, 0, 0, 0, 0, 0, 
        0, 0, 0, 0, 0, 0, 0, 0, 0, 0, 0, 0, 0, 0, 0, 0, 0, 0, 
        0, 0, 0, 0, 0, 0, 0, 0, 0, 0, 0, 0, 0, 0, 0, 0, 0, 0, 
        0, 0, 0, 0, 0, 0, 0, 0, 0, 0, 0, 0,  ],
    [ 0, 0, 0, 0, 0, 0, 0, 0, 0, 0, 0, 0, 0, 0, 0, 0, 0, 0, 0, 
        0, 0, 0, 0, 0, 0, 0, 0, 0, 0, 0, 0, 0, 0, 0, 0, 0, 0, 
        0, 0, 0, 0, 0, 0, 0, 0, 0, 0, 0, 0, 0, 0, 0, 0, 0, 0, 
        0, 0, 0.008, 0, 0.58, 1, 1, 0.749, 0.004, 0, 0, 0, 0, 
        0, 0, 0.667, 0.267, 0, 0.008, 0, 0, 0.012, 0, 0.435, 
        1, 1, 0.867, 0.086, 0, 0.004, 0, 0, 0, 0, 0, 0, 0, 0, 
        0, 0, 0, 0, 0, 0, 0, 0, 0, 0, 0, 0, 0, 0, 0, 0, 0, 0, 
        0, 0, 0, 0, 0, 0, 0, 0, 0, 0, 0, 0, 0, 0, 0, 0, 0, 0, 
        0, 0, 0, 0, 0, 0, 0, 0, 0, 0, 0,  ],
    [ 0, 0, 0, 0, 0, 0, 0, 0, 0, 0, 0, 0, 0, 0, 0, 0, 0, 0, 0, 
        0, 0, 0, 0, 0, 0, 0, 0, 0, 0, 0, 0, 0, 0, 0, 0, 0, 0, 
        0, 0, 0, 0, 0, 0, 0, 0, 0, 0, 0, 0, 0, 0, 0, 0, 0, 0, 
        0, 0.008, 0, 0.153, 0.898, 1, 0.98, 0.357, 0, 0.008, 
        0, 0, 0.008, 0, 0.294, 1, 0.631, 0, 0.004, 0, 0, 0.004, 
        0, 0.078, 0.843, 1, 1, 0.451, 0, 0.012, 0, 0, 0, 0, 0, 
        0, 0, 0, 0, 0, 0, 0, 0, 0, 0, 0, 0, 0, 0, 0, 0, 0, 0, 
        0, 0, 0, 0, 0, 0, 0, 0, 0, 0, 0, 0, 0, 0, 0, 0, 0, 0, 
        0, 0, 0, 0, 0, 0, 0, 0, 0, 0, 0, 0, 0, 0,  ],
    [ 0, 0, 0, 0, 0, 0, 0, 0, 0, 0, 0, 0, 0, 0, 0, 0, 0, 0, 0, 
        0, 0, 0, 0, 0, 0, 0, 0, 0, 0, 0, 0, 0, 0, 0, 0, 0, 0, 
        0, 0, 0, 0, 0, 0, 0, 0, 0, 0, 0, 0, 0, 0, 0, 0, 0, 0, 
        0, 0.004, 0, 0.569, 1, 1, 0.792, 0.051, 0, 0.004, 0, 
        0.004, 0, 0.035, 0.741, 1, 0.937, 0.196, 0, 0.008, 0, 
        0, 0.012, 0, 0.451, 1, 1, 0.847, 0.067, 0, 0.004, 0, 
        0, 0, 0, 0, 0, 0, 0, 0, 0, 0, 0, 0, 0, 0, 0, 0, 0, 0, 
        0, 0, 0, 0, 0, 0, 0, 0, 0, 0, 0, 0, 0, 0, 0, 0, 0, 0, 
        0, 0, 0, 0, 0, 0, 0, 0, 0, 0, 0, 0, 0, 0, 0, 0, 0,  ],
    [ 0, 0, 0, 0, 0, 0, 0, 0, 0, 0, 0, 0, 0, 0, 0, 0, 0, 0, 0, 
        0, 0, 0, 0, 0, 0, 0, 0, 0, 0, 0, 0, 0, 0, 0, 0, 0, 0, 
        0, 0, 0, 0, 0, 0, 0, 0, 0, 0, 0, 0, 0, 0, 0, 0, 0, 0, 
        0.008, 0, 0.18, 0.906, 1, 1, 0.396, 0, 0.012, 0, 0, 0.012, 
        0, 0.263, 0.973, 0.992, 1, 0.62, 0, 0.004, 0, 0, 0.004, 
        0, 0.078, 0.835, 1, 1, 0.427, 0, 0.012, 0, 0, 0, 0, 0, 
        0, 0, 0, 0, 0, 0, 0, 0, 0, 0, 0, 0, 0, 0, 0, 0, 0, 0, 
        0, 0, 0, 0, 0, 0, 0, 0, 0, 0, 0, 0, 0, 0, 0, 0, 0, 0, 
        0, 0, 0, 0, 0, 0, 0, 0, 0, 0, 0, 0, 0,  ],
    [ 0, 0, 0, 0, 0, 0, 0, 0, 0, 0, 0, 0, 0, 0, 0, 0, 0, 0, 0, 
        0, 0, 0, 0, 0, 0, 0, 0, 0, 0, 0, 0, 0, 0, 0, 0, 0, 0, 
        0, 0, 0, 0, 0, 0, 0, 0, 0, 0, 0, 0, 0, 0, 0, 0, 0, 0, 
        0.008, 0, 0.522, 1, 1, 0.8, 0.051, 0, 0.004, 0, 0, 0.004, 
        0, 0.675, 1, 0.988, 1, 0.953, 0.204, 0, 0.008, 0, 0, 
        0.008, 0, 0.486, 1, 1, 0.831, 0.075, 0, 0.004, 0, 0, 
        0, 0, 0, 0, 0, 0, 0, 0, 0, 0, 0, 0, 0, 0, 0, 0, 0, 0, 
        0, 0, 0, 0, 0, 0, 0, 0, 0, 0, 0, 0, 0, 0, 0, 0, 0, 0, 
        0, 0, 0, 0, 0, 0, 0, 0, 0, 0, 0, 0, 0, 0, 0,  ],
    [ 0, 0, 0, 0, 0, 0, 0, 0, 0, 0, 0, 0, 0, 0, 0, 0, 0, 0, 0, 
        0, 0, 0, 0, 0, 0, 0, 0, 0, 0, 0, 0, 0, 0, 0, 0, 0, 0, 
        0, 0, 0, 0, 0, 0, 0, 0, 0, 0, 0, 0, 0, 0, 0, 0, 0, 0.004, 
        0, 0.114, 0.867, 1, 1, 0.384, 0, 0.012, 0, 0, 0.012, 
        0, 0.275, 1, 0.996, 1, 0.988, 1, 0.62, 0, 0.004, 0, 0, 
        0.004, 0, 0.086, 0.851, 1, 1, 0.439, 0, 0.012, 0, 0, 
        0, 0, 0, 0, 0, 0, 0, 0, 0, 0, 0, 0, 0, 0, 0, 0, 0, 0, 
        0, 0, 0, 0, 0, 0, 0, 0, 0, 0, 0, 0, 0, 0, 0, 0, 0, 0, 
        0, 0, 0, 0, 0, 0, 0, 0, 0, 0, 0, 0, 0, 0, 0,  ],
    [ 0, 0, 0, 0, 0, 0, 0, 0, 0, 0, 0, 0, 0, 0, 0, 0, 0, 0, 0, 
        0, 0, 0, 0, 0, 0, 0, 0, 0, 0, 0, 0, 0, 0, 0, 0, 0, 0, 
        0, 0, 0, 0, 0, 0, 0, 0, 0, 0, 0, 0, 0, 0, 0, 0, 0, 0.012, 
        0, 0.51, 1, 1, 0.82, 0.047, 0, 0.004, 0, 0, 0.004, 0, 
        0.714, 1, 0.988, 1, 0.996, 1, 0.953, 0.196, 0, 0.008, 
        0, 0, 0.012, 0, 0.486, 1, 1, 0.847, 0.067, 0, 0.004, 
        0, 0, 0, 0, 0, 0, 0, 0, 0, 0, 0, 0, 0, 0, 0, 0, 0, 0, 
        0, 0, 0, 0, 0, 0, 0, 0, 0, 0, 0, 0, 0, 0, 0, 0, 0, 0, 
        0, 0, 0, 0, 0, 0, 0, 0, 0, 0, 0, 0, 0, 0, 0, 0,  ],
    [ 0, 0, 0, 0, 0, 0, 0, 0, 0, 0, 0, 0, 0, 0, 0, 0, 0, 0, 0, 
        0, 0, 0, 0, 0, 0, 0, 0, 0, 0, 0, 0, 0, 0, 0, 0, 0, 0, 
        0, 0, 0, 0, 0, 0, 0, 0, 0, 0, 0, 0, 0, 0, 0, 0, 0.004, 
        0, 0.11, 0.902, 1, 1, 0.392, 0, 0.012, 0, 0, 0.012, 0, 
        0.251, 1, 0.996, 1, 1, 1, 0.988, 1, 0.608, 0, 0.008, 
        0, 0, 0.004, 0, 0.082, 0.871, 1, 1, 0.424, 0, 0.012, 
        0, 0, 0, 0, 0, 0, 0, 0, 0, 0, 0, 0, 0, 0, 0, 0, 0, 0, 
        0, 0, 0, 0, 0, 0, 0, 0, 0, 0, 0, 0, 0, 0, 0, 0, 0, 0, 
        0, 0, 0, 0, 0, 0, 0, 0, 0, 0, 0, 0, 0, 0, 0, 0,  ],
    [ 0, 0, 0, 0, 0, 0, 0, 0, 0, 0, 0, 0, 0, 0, 0, 0, 0, 0, 0, 
        0, 0, 0, 0, 0, 0, 0, 0, 0, 0, 0, 0, 0, 0, 0, 0, 0, 0, 
        0, 0, 0, 0, 0, 0, 0, 0, 0, 0, 0, 0, 0, 0, 0, 0, 0.008, 
        0, 0.561, 1, 1, 0.816, 0.051, 0, 0.004, 0, 0.004, 0, 
        0.016, 0.714, 1, 0.988, 1, 1, 1, 0.996, 1, 0.937, 0.176, 
        0, 0.008, 0, 0, 0.012, 0, 0.475, 1, 1, 0.831, 0.055, 
        0, 0.004, 0, 0, 0, 0, 0, 0, 0, 0, 0, 0, 0, 0, 0, 0, 0, 
        0, 0, 0, 0, 0, 0, 0, 0, 0, 0, 0, 0, 0, 0, 0, 0, 0, 0, 
        0, 0, 0, 0, 0, 0, 0, 0, 0, 0, 0, 0, 0, 0, 0, 0, 0, 0, 
         ],
    [ 0, 0, 0, 0, 0, 0, 0, 0, 0, 0, 0, 0, 0, 0, 0, 0, 0, 0, 0, 
        0, 0, 0, 0, 0, 0, 0, 0, 0, 0, 0, 0, 0, 0, 0, 0, 0, 0, 
        0, 0, 0, 0, 0, 0, 0, 0, 0, 0, 0, 0, 0, 0, 0, 0.008, 0, 
        0.141, 0.875, 1, 0.996, 0.408, 0, 0.012, 0, 0, 0.012, 
        0, 0.251, 1, 1, 1, 1, 1, 1, 1, 0.988, 1, 0.588, 0, 0.008, 
        0, 0, 0.008, 0, 0.094, 0.855, 1, 1, 0.4, 0, 0.012, 0, 
        0, 0, 0, 0, 0, 0, 0, 0, 0, 0, 0, 0, 0, 0, 0, 0, 0, 0, 
        0, 0, 0, 0, 0, 0, 0, 0, 0, 0, 0, 0, 0, 0, 0, 0, 0, 0, 
        0, 0, 0, 0, 0, 0, 0, 0, 0, 0, 0, 0, 0, 0,  ],
    [ 0, 0, 0, 0, 0, 0, 0, 0, 0, 0, 0, 0, 0, 0, 0, 0, 0, 0, 0, 
        0, 0, 0, 0, 0, 0, 0, 0, 0, 0, 0, 0, 0, 0, 0, 0, 0, 0, 
        0, 0, 0, 0, 0, 0, 0, 0, 0, 0, 0, 0, 0, 0, 0, 0.008, 0, 
        0.49, 1, 1, 0.808, 0.059, 0, 0.004, 0, 0, 0.004, 0, 0.651, 
        1, 0.992, 1, 1, 1, 1, 1, 0.996, 1, 0.945, 0.192, 0, 0.008, 
        0, 0, 0.008, 0, 0.486, 1, 1, 0.804, 0.059, 0, 0.004, 
        0, 0, 0, 0, 0, 0, 0, 0, 0, 0, 0, 0, 0, 0, 0, 0, 0, 0, 
        0, 0, 0, 0, 0, 0, 0, 0, 0, 0, 0, 0, 0, 0, 0, 0, 0, 0, 
        0, 0, 0, 0, 0, 0, 0, 0, 0, 0, 0, 0, 0, 0,  ],
    [ 0, 0, 0, 0, 0, 0, 0, 0, 0, 0, 0, 0, 0, 0, 0, 0, 0, 0, 0, 
        0, 0, 0, 0, 0, 0, 0, 0, 0, 0, 0, 0, 0, 0, 0, 0, 0, 0, 
        0, 0, 0, 0, 0, 0, 0, 0, 0, 0, 0, 0, 0, 0, 0.008, 0, 0.094, 
        0.851, 1, 1, 0.416, 0, 0.012, 0, 0, 0.012, 0, 0.231, 
        0.969, 1, 0.996, 1, 1, 1, 1, 1, 1, 0.988, 1, 0.608, 0, 
        0.004, 0, 0, 0.008, 0, 0.145, 0.867, 1, 1, 0.416, 0, 
        0.012, 0, 0, 0, 0, 0, 0, 0, 0, 0, 0, 0, 0, 0, 0, 0, 0, 
        0, 0, 0, 0, 0, 0, 0, 0, 0, 0, 0, 0, 0, 0, 0, 0, 0, 0, 
        0, 0, 0, 0, 0, 0, 0, 0, 0, 0, 0, 0, 0, 0, 0, 0,  ],
    [ 0, 0, 0, 0, 0, 0, 0, 0, 0, 0, 0, 0, 0, 0, 0, 0, 0, 0, 0, 
        0, 0, 0, 0, 0, 0, 0, 0, 0, 0, 0, 0, 0, 0, 0, 0, 0, 0, 
        0, 0, 0, 0, 0, 0, 0, 0, 0, 0, 0, 0, 0, 0, 0.012, 0, 0.482, 
        1, 1, 0.82, 0.059, 0, 0.004, 0, 0, 0.004, 0, 0.667, 1, 
        0.988, 1, 1, 1, 1, 1, 1, 1, 0.996, 1, 0.941, 0.188, 0, 
        0.008, 0, 0, 0.004, 0, 0.529, 1, 1, 0.808, 0.059, 0, 
        0.004, 0, 0, 0, 0, 0, 0, 0, 0, 0, 0, 0, 0, 0, 0, 0, 0, 
        0, 0, 0, 0, 0, 0, 0, 0, 0, 0, 0, 0, 0, 0, 0, 0, 0, 0, 
        0, 0, 0, 0, 0, 0, 0, 0, 0, 0, 0, 0, 0, 0, 0,  ],
    [ 0, 0, 0, 0, 0, 0, 0, 0, 0, 0, 0, 0, 0, 0, 0, 0, 0, 0, 0, 
        0, 0, 0, 0, 0, 0, 0, 0, 0, 0, 0, 0, 0, 0, 0, 0, 0, 0, 
        0, 0, 0, 0, 0, 0, 0, 0, 0, 0, 0, 0, 0, 0.008, 0, 0.094, 
        0.871, 1, 1, 0.424, 0, 0.012, 0, 0, 0.012, 0, 0.255, 
        1, 1, 0.996, 1, 1, 1, 1, 1, 1, 1, 1, 0.988, 1, 0.584, 
        0, 0.008, 0, 0, 0.008, 0, 0.153, 0.929, 1, 1, 0.388, 
        0, 0.012, 0, 0, 0, 0, 0, 0, 0, 0, 0, 0, 0, 0, 0, 0, 0, 
        0, 0, 0, 0, 0, 0, 0, 0, 0, 0, 0, 0, 0, 0, 0, 0, 0, 0, 
        0, 0, 0, 0, 0, 0, 0, 0, 0, 0, 0, 0, 0, 0, 0, 0,  ],
    [ 0, 0, 0, 0, 0, 0, 0, 0, 0, 0, 0, 0, 0, 0, 0, 0, 0, 0, 0, 
        0, 0, 0, 0, 0, 0, 0, 0, 0, 0, 0, 0, 0, 0, 0, 0, 0, 0, 
        0, 0, 0, 0, 0, 0, 0, 0, 0, 0, 0, 0, 0, 0.012, 0, 0.467, 
        1, 1, 0.835, 0.059, 0, 0.004, 0, 0, 0.004, 0, 0.698, 
        1, 0.988, 1, 1, 1, 1, 1, 1, 1, 1, 1, 0.996, 1, 0.929, 
        0.153, 0, 0.008, 0, 0, 0.012, 0, 0.522, 1, 1, 0.804, 
        0, 0, 0.004, 0, 0, 0, 0, 0, 0, 0, 0, 0, 0, 0, 0, 0, 0, 
        0, 0, 0, 0, 0, 0, 0, 0, 0, 0, 0, 0, 0, 0, 0, 0, 0, 0, 
        0, 0, 0, 0, 0, 0, 0, 0, 0, 0, 0, 0, 0, 0, 0, 0,  ],
    [ 0, 0, 0, 0, 0, 0, 0, 0, 0, 0, 0, 0, 0, 0, 0, 0, 0, 0, 0, 
        0, 0, 0, 0, 0, 0, 0, 0, 0, 0, 0, 0, 0, 0, 0, 0, 0, 0, 
        0, 0, 0, 0, 0, 0, 0, 0, 0, 0, 0, 0, 0.008, 0, 0.063, 
        0.847, 1, 1, 0.435, 0, 0.012, 0, 0, 0.008, 0, 0.224, 
        1, 1, 0.996, 1, 1, 1, 1, 1, 1, 1, 1, 1, 1, 0.988, 1, 
        0.557, 0, 0.008, 0, 0, 0.008, 0, 0.102, 0.882, 1, 1, 
        0.38, 0, 0.016, 0, 0, 0, 0, 0, 0, 0, 0, 0, 0, 0, 0, 0, 
        0, 0, 0, 0, 0, 0, 0, 0, 0, 0, 0, 0, 0, 0, 0, 0, 0, 0, 
        0, 0, 0, 0, 0, 0, 0, 0, 0, 0, 0, 0, 0, 0, 0, 0, 0,  ],
    [ 0, 0, 0, 0, 0, 0, 0, 0, 0, 0, 0, 0, 0, 0, 0, 0, 0, 0, 0, 
        0, 0, 0, 0, 0, 0, 0, 0, 0, 0, 0, 0, 0, 0, 0, 0, 0, 0, 
        0, 0, 0, 0, 0, 0.004, 0.004, 0.008, 0.012, 0.012, 0.008, 
        0.004, 0.008, 0, 0.443, 1, 1, 0.851, 0.09, 0, 0.004, 
        0, 0, 0.004, 0, 0.62, 1, 0.992, 1, 1, 1, 1, 1, 1, 1, 
        1, 1, 1, 1, 0.996, 1, 0.925, 0.161, 0, 0.008, 0, 0, 0.008, 
        0, 0.537, 1, 1, 0.8, 0.047, 0, 0.004, 0.004, 0.012, 0.012, 
        0.008, 0.008, 0.004, 0, 0, 0, 0, 0, 0, 0, 0, 0, 0, 0, 
        0, 0, 0, 0, 0, 0, 0, 0, 0, 0, 0, 0, 0, 0, 0, 0, 0, 0, 
        0, 0, 0, 0, 0, 0, 0, 0, 0, 0, 0, 0,  ],
    [ 0, 0, 0, 0, 0, 0, 0, 0, 0, 0, 0, 0, 0, 0, 0, 0, 0, 0, 0, 
        0, 0, 0, 0, 0, 0, 0, 0, 0, 0, 0, 0, 0, 0, 0, 0, 0, 0.004, 
        0.008, 0.012, 0.008, 0.004, 0.004, 0, 0, 0, 0, 0, 0, 
        0, 0, 0.149, 0.847, 1, 1, 0.408, 0, 0.012, 0, 0, 0.008, 
        0, 0.204, 0.945, 1, 0.996, 1, 1, 1, 1, 1, 1, 1, 1, 1, 
        1, 1, 1, 0.988, 1, 0.561, 0, 0.008, 0, 0, 0.008, 0, 0.161, 
        0.89, 1, 1, 0.404, 0, 0.004, 0, 0, 0, 0, 0, 0, 0.004, 
        0.004, 0.008, 0.012, 0.008, 0.008, 0.004, 0, 0, 0, 0, 
        0, 0, 0, 0, 0, 0, 0, 0, 0, 0, 0, 0, 0, 0, 0, 0, 0, 0, 
        0, 0, 0, 0, 0, 0, 0, 0, 0, 0, 0, 0,  ],
    [ 0, 0, 0, 0, 0, 0, 0, 0, 0, 0, 0, 0, 0, 0, 0, 0, 0, 0, 0, 
        0, 0, 0, 0, 0, 0, 0, 0, 0, 0, 0.004, 0.008, 0.008, 0.012, 
        0.008, 0.008, 0.004, 0, 0, 0, 0, 0, 0, 0, 0.102, 0.18, 
        0.278, 0.357, 0.51, 0.624, 0.757, 0.863, 0.984, 1, 0.839, 
        0.11, 0, 0.008, 0, 0, 0.004, 0, 0.631, 1, 0.988, 1, 1, 
        1, 1, 1, 1, 1, 1, 1, 1, 1, 1, 1, 0.996, 1, 0.925, 0.173, 
        0, 0.008, 0, 0, 0.004, 0, 0.549, 1, 0.992, 0.937, 0.8, 
        0.663, 0.549, 0.408, 0.29, 0.212, 0.145, 0.043, 0, 0, 
        0, 0, 0, 0, 0, 0.004, 0.008, 0.012, 0.012, 0.008, 0.004, 
        0.004, 0, 0, 0, 0, 0, 0, 0, 0, 0, 0, 0, 0, 0, 0, 0, 0, 
        0, 0, 0, 0, 0, 0, 0, 0, 0, 0, 0,  ],
    [ 0, 0, 0, 0, 0, 0, 0, 0, 0, 0, 0, 0, 0, 0, 0, 0, 0, 0, 0, 
        0, 0, 0, 0.004, 0.008, 0.012, 0.012, 0.016, 0.008, 0, 
        0, 0, 0, 0, 0, 0, 0, 0.098, 0.18, 0.243, 0.349, 0.486, 
        0.62, 0.749, 0.824, 0.882, 0.976, 1, 1, 1, 1, 1, 1, 1, 
        0.431, 0, 0.012, 0, 0, 0.008, 0, 0.224, 0.961, 1, 0.996, 
        1, 1, 1, 1, 1, 1, 1, 1, 1, 1, 1, 1, 1, 1, 0.992, 1, 0.514, 
        0, 0.008, 0, 0, 0.008, 0, 0.161, 0.906, 1, 1, 1, 1, 1, 
        1, 0.988, 0.906, 0.851, 0.78, 0.675, 0.533, 0.431, 0.286, 
        0.204, 0.122, 0, 0, 0, 0, 0, 0, 0, 0, 0.004, 0.012, 0.016, 
        0.012, 0.008, 0.004, 0, 0, 0, 0, 0, 0, 0, 0, 0, 0, 0, 
        0, 0, 0, 0, 0, 0, 0, 0, 0, 0,  ],
    [ 0, 0, 0, 0, 0, 0, 0, 0, 0, 0, 0, 0, 0, 0, 0, 0.004, 0.008, 
        0.008, 0.012, 0.008, 0.004, 0, 0, 0, 0, 0, 0, 0, 0, 0.02, 
        0.141, 0.227, 0.314, 0.498, 0.643, 0.71, 0.812, 0.91, 
        1, 1, 1, 1, 1, 1, 1, 1, 1, 1, 1, 1, 0.976, 0.906, 0.655, 
        0.063, 0, 0.004, 0, 0, 0.004, 0, 0.639, 1, 0.988, 1, 
        1, 1, 1, 1, 1, 1, 1, 1, 1, 1, 1, 1, 1, 1, 0.996, 1, 0.906, 
        0.129, 0, 0.008, 0, 0, 0.004, 0, 0.388, 0.851, 0.945, 
        1, 1, 1, 1, 1, 1, 1, 1, 1, 1, 1, 1, 0.925, 0.839, 0.741, 
        0.678, 0.541, 0.341, 0.267, 0.176, 0.027, 0, 0, 0, 0, 
        0, 0, 0, 0, 0, 0.004, 0.012, 0.012, 0.008, 0.004, 0.004, 
        0, 0, 0, 0, 0, 0, 0, 0, 0, 0, 0, 0, 0,  ],
    [ 0, 0, 0, 0, 0, 0, 0, 0, 0, 0.008, 0.008, 0.012, 0.004, 
        0.004, 0.004, 0, 0, 0, 0, 0, 0, 0, 0.008, 0.137, 0.231, 
        0.31, 0.404, 0.573, 0.729, 0.82, 0.937, 0.996, 1, 1, 
        1, 1, 1, 1, 1, 1, 1, 1, 1, 0.988, 0.886, 0.769, 0.678, 
        0.596, 0.42, 0.275, 0.196, 0.075, 0, 0, 0.004, 0, 0, 
        0.008, 0, 0.192, 0.953, 1, 0.996, 1, 1, 1, 1, 1, 1, 1, 
        1, 1, 1, 1, 1, 1, 1, 1, 1, 0.988, 1, 0.522, 0, 0.012, 
        0, 0, 0, 0, 0, 0.02, 0.153, 0.247, 0.337, 0.525, 0.655, 
        0.718, 0.82, 0.945, 1, 1, 1, 1, 1, 1, 1, 1, 1, 1, 1, 
        1, 0.976, 0.843, 0.749, 0.631, 0.478, 0.361, 0.259, 0.18, 
        0.067, 0, 0, 0, 0, 0, 0, 0, 0, 0.004, 0.004, 0.008, 0.012, 
        0.008, 0.004, 0, 0, 0, 0, 0, 0, 0,  ],
    [ 0, 0, 0, 0, 0, 0, 0, 0, 0, 0, 0, 0, 0, 0, 0, 0.043, 0.149, 
        0.22, 0.314, 0.463, 0.573, 0.702, 0.8, 0.878, 0.929, 
        0.988, 1, 1, 1, 1, 1, 1, 1, 1, 1, 1, 0.937, 0.863, 0.788, 
        0.71, 0.569, 0.439, 0.286, 0.216, 0.149, 0.039, 0, 0, 
        0, 0, 0, 0, 0, 0.004, 0, 0, 0, 0.008, 0, 0.604, 1, 0.988, 
        1, 1, 1, 1, 1, 1, 1, 1, 1, 1, 1, 1, 1, 1, 1, 1, 1, 0.996, 
        1, 0.929, 0.149, 0, 0.008, 0, 0, 0, 0.004, 0, 0, 0, 0, 
        0, 0, 0, 0.11, 0.188, 0.255, 0.408, 0.522, 0.659, 0.749, 
        0.827, 0.906, 1, 1, 1, 1, 1, 1, 1, 1, 1, 1, 1, 0.941, 
        0.898, 0.843, 0.722, 0.596, 0.502, 0.337, 0.263, 0.176, 
        0.098, 0, 0, 0, 0, 0, 0, 0, 0.004, 0, 0, 0, 0, 0, 0, 
         ],
    [ 0, 0, 0, 0, 0, 0, 0, 0, 0, 0.122, 0.216, 0.282, 0.451, 
        0.565, 0.675, 0.773, 0.847, 0.925, 1, 1, 1, 1, 1, 1, 
        1, 1, 1, 1, 1, 0.933, 0.878, 0.812, 0.706, 0.561, 0.459, 
        0.325, 0.235, 0.161, 0.051, 0, 0, 0, 0, 0, 0, 0, 0.008, 
        0.008, 0.012, 0.012, 0.008, 0.004, 0.004, 0, 0.004, 0.004, 
        0.02, 0, 0.188, 0.941, 1, 0.996, 1, 1, 1, 1, 1, 1, 1, 
        1, 1, 1, 1, 1, 1, 1, 1, 1, 1, 1, 0.988, 1, 0.545, 0, 
        0.02, 0.008, 0.004, 0, 0.004, 0.004, 0.008, 0.012, 0.012, 
        0.008, 0.008, 0, 0, 0, 0, 0, 0, 0, 0, 0.118, 0.208, 0.286, 
        0.4, 0.541, 0.647, 0.773, 0.863, 0.918, 0.984, 1, 1, 
        1, 1, 1, 1, 1, 1, 1, 1, 0.973, 0.875, 0.812, 0.741, 0.627, 
        0.486, 0.341, 0.227, 0.173, 0.035, 0, 0.004, 0, 0, 0, 
        0, 0,  ],
    [ 0, 0, 0, 0, 0, 0, 0.004, 0, 0.463, 0.886, 0.992, 1, 1, 
        1, 1, 1, 1, 1, 1, 1, 1, 1, 0.996, 0.929, 0.784, 0.718, 
        0.604, 0.408, 0.325, 0.239, 0.149, 0.016, 0, 0, 0, 0, 
        0, 0, 0, 0.004, 0.004, 0.004, 0.012, 0.008, 0.008, 0.004, 
        0.004, 0.004, 0.008, 0.008, 0.012, 0.008, 0.004, 0.004, 
        0, 0, 0, 0, 0.612, 1, 0.988, 1, 1, 1, 1, 1, 1, 1, 1, 
        1, 1, 1, 1, 1, 1, 1, 1, 1, 1, 1, 0.992, 1, 0.867, 0.094, 
        0, 0, 0, 0.004, 0.004, 0.008, 0.012, 0.012, 0.008, 0.004, 
        0.004, 0.004, 0.008, 0.008, 0.012, 0.004, 0.004, 0.004, 
        0, 0, 0, 0, 0, 0, 0, 0.004, 0.125, 0.208, 0.29, 0.369, 
        0.518, 0.698, 0.78, 0.914, 0.992, 1, 1, 1, 1, 1, 1, 1, 
        1, 1, 1, 1, 1, 0.922, 0.698, 0.102, 0, 0.004, 0, 0, 0, 
        0,  ],
    [ 0, 0, 0, 0, 0, 0.004, 0, 0.051, 0.851, 1, 0.992, 1, 0.992, 
        1, 1, 0.996, 0.902, 0.808, 0.722, 0.655, 0.51, 0.353, 
        0.224, 0.145, 0.008, 0, 0, 0, 0, 0, 0, 0, 0, 0.004, 0.008, 
        0.012, 0.012, 0.008, 0.004, 0.004, 0.004, 0.004, 0.008, 
        0.012, 0.012, 0.008, 0.004, 0, 0, 0, 0, 0, 0, 0, 0.004, 
        0.118, 0.196, 0.404, 0.933, 1, 0.996, 1, 1, 1, 1, 1, 
        1, 1, 1, 1, 1, 1, 1, 1, 1, 1, 1, 1, 1, 1, 1, 0.992, 1, 
        0.576, 0.208, 0.165, 0.051, 0, 0, 0, 0, 0, 0, 0, 0.004, 
        0.004, 0.008, 0.012, 0.008, 0.008, 0.004, 0.004, 0.004, 
        0.008, 0.008, 0.012, 0.012, 0.004, 0, 0, 0, 0, 0, 0, 
        0, 0, 0, 0.09, 0.212, 0.282, 0.447, 0.6, 0.69, 0.776, 
        0.863, 0.961, 1, 1, 1, 0.996, 1, 1, 1, 0.333, 0, 0.012, 
        0, 0, 0, 0,  ],
    [ 0, 0, 0, 0, 0, 0, 0, 0, 0.549, 1, 0.996, 1, 0.941, 0.561, 
        0.4, 0.275, 0.176, 0.102, 0, 0, 0, 0, 0, 0, 0, 0.004, 
        0.008, 0.016, 0.012, 0.012, 0.008, 0.004, 0.004, 0.004, 
        0.004, 0.008, 0.012, 0.012, 0.012, 0.008, 0.004, 0, 0, 
        0, 0, 0, 0, 0, 0.11, 0.204, 0.275, 0.38, 0.533, 0.702, 
        0.776, 0.847, 0.953, 1, 1, 0.996, 1, 1, 1, 1, 1, 1, 1, 
        1, 1, 1, 1, 1, 1, 1, 1, 1, 1, 1, 1, 1, 1, 1, 1, 1, 0.965, 
        0.871, 0.804, 0.725, 0.565, 0.447, 0.306, 0.239, 0.157, 
        0.043, 0, 0, 0, 0, 0, 0, 0, 0.004, 0.012, 0.016, 0.012, 
        0.008, 0.004, 0.004, 0.004, 0.004, 0.008, 0.008, 0.012, 
        0.016, 0.012, 0.004, 0, 0, 0, 0, 0, 0, 0, 0.047, 0.149, 
        0.235, 0.298, 0.435, 0.855, 1, 0.98, 1, 0.808, 0.106, 
        0, 0.004, 0, 0, 0, 0,  ],
    [ 0, 0, 0, 0, 0, 0, 0.004, 0, 0.047, 0.584, 1, 0.996, 1, 
        0.655, 0.027, 0, 0, 0, 0, 0.008, 0.008, 0.008, 0.012, 
        0.008, 0.004, 0, 0, 0, 0, 0.008, 0.012, 0.008, 0.004, 
        0, 0, 0, 0, 0, 0, 0, 0, 0.067, 0.18, 0.247, 0.318, 0.506, 
        0.682, 0.737, 0.812, 0.945, 1, 1, 1, 1, 1, 1, 1, 0.996, 
        0.996, 1, 1, 1, 1, 1, 1, 1, 1, 1, 1, 1, 1, 1, 1, 1, 1, 
        1, 1, 1, 1, 1, 1, 1, 1, 0.992, 1, 1, 1, 1, 1, 1, 1, 1, 
        0.875, 0.769, 0.702, 0.608, 0.439, 0.267, 0.204, 0.133, 
        0.004, 0, 0, 0, 0, 0, 0, 0, 0.004, 0.004, 0.012, 0.012, 
        0, 0, 0, 0, 0.004, 0.004, 0.008, 0.012, 0.008, 0.008, 
        0.004, 0, 0, 0, 0, 0.341, 0.937, 0.996, 1, 0.808, 0.212, 
        0, 0.008, 0, 0, 0, 0, 0,  ],
    [ 0, 0, 0, 0, 0, 0, 0, 0.008, 0, 0.024, 0.565, 1, 0.996, 
        1, 0.706, 0.063, 0, 0.016, 0, 0, 0, 0, 0, 0, 0, 0, 0, 
        0, 0, 0, 0, 0, 0, 0, 0.02, 0.153, 0.255, 0.322, 0.498, 
        0.663, 0.725, 0.847, 0.984, 1, 1, 1, 1, 1, 1, 1, 0.996, 
        0.996, 0.996, 0.988, 0.992, 0.992, 0.996, 1, 1, 1, 1, 
        1, 1, 1, 1, 1, 1, 1, 1, 1, 1, 1, 1, 1, 1, 1, 1, 1, 1, 
        1, 1, 1, 1, 1, 0.996, 0.992, 0.992, 0.988, 0.996, 0.996, 
        0.996, 1, 1, 1, 1, 1, 1, 1, 1, 0.925, 0.769, 0.682, 0.612, 
        0.431, 0.286, 0.208, 0.067, 0, 0, 0, 0, 0, 0, 0, 0, 0, 
        0, 0, 0, 0, 0, 0, 0, 0.008, 0.012, 0, 0.396, 0.988, 1, 
        1, 0.831, 0.114, 0, 0.008, 0, 0, 0, 0, 0, 0,  ],
    [ 0, 0, 0, 0, 0, 0, 0, 0, 0.008, 0, 0, 0.549, 1, 0.984, 1, 
        0.729, 0.071, 0, 0.012, 0, 0, 0, 0, 0, 0, 0, 0, 0, 0, 
        0.216, 0.349, 0.478, 0.631, 0.757, 0.82, 0.937, 1, 1, 
        1, 1, 1, 1, 1, 1, 0.996, 0.992, 0.988, 0.988, 0.992, 
        0.996, 1, 1, 1, 1, 1, 1, 1, 1, 1, 1, 1, 1, 1, 1, 1, 1, 
        1, 1, 1, 1, 1, 1, 1, 1, 1, 1, 1, 1, 1, 1, 1, 1, 1, 1, 
        1, 1, 1, 1, 1, 1, 1, 0.996, 0.992, 0.992, 0.988, 0.988, 
        0.996, 1, 1, 1, 1, 1, 1, 1, 1, 0.992, 0.859, 0.784, 0.702, 
        0.541, 0.4, 0.306, 0.067, 0, 0.004, 0, 0, 0, 0, 0, 0, 
        0, 0.004, 0.004, 0, 0.416, 0.992, 1, 1, 0.796, 0.11, 
        0, 0.012, 0, 0, 0, 0, 0, 0, 0,  ],
    [ 0, 0, 0, 0, 0, 0, 0, 0, 0, 0.008, 0, 0.008, 0.553, 1, 0.992, 
        1, 0.729, 0.075, 0, 0.012, 0, 0, 0, 0, 0, 0, 0, 0.008, 
        0, 0.373, 1, 1, 1, 1, 1, 1, 1, 0.992, 0.988, 0.984, 0.988, 
        0.992, 0.996, 0.996, 1, 1, 1, 1, 1, 1, 1, 1, 1, 1, 1, 
        1, 1, 1, 1, 1, 1, 1, 1, 1, 1, 1, 1, 1, 1, 1, 1, 1, 1, 
        1, 1, 1, 1, 1, 1, 1, 1, 1, 1, 1, 1, 1, 1, 1, 1, 1, 1, 
        1, 1, 1, 1, 1, 1, 0.996, 0.996, 0.996, 0.992, 0.988, 
        0.984, 0.988, 0.996, 1, 1, 1, 1, 1, 1, 0.698, 0.047, 
        0, 0.004, 0, 0, 0, 0, 0, 0, 0.004, 0.004, 0, 0.408, 0.984, 
        1, 1, 0.769, 0.102, 0, 0.016, 0, 0, 0, 0, 0, 0, 0, 0, 
         ],
    [ 0, 0, 0, 0, 0, 0, 0, 0, 0, 0, 0.008, 0, 0.004, 0.482, 1, 
        0.996, 1, 0.737, 0.078, 0, 0.012, 0, 0, 0, 0, 0, 0, 0, 
        0.004, 0, 0.416, 1, 1, 0.98, 0.992, 0.996, 1, 1, 1, 1, 
        1, 1, 1, 1, 1, 1, 1, 1, 1, 1, 1, 1, 1, 1, 1, 1, 1, 1, 
        1, 1, 1, 1, 1, 1, 1, 1, 1, 1, 1, 1, 1, 1, 1, 1, 1, 1, 
        1, 1, 1, 1, 1, 1, 1, 1, 1, 1, 1, 1, 1, 1, 1, 1, 1, 1, 
        1, 1, 1, 1, 1, 1, 1, 1, 1, 1, 1, 0.996, 0.992, 0.988, 
        0.98, 1, 0.694, 0.055, 0, 0.004, 0, 0, 0, 0, 0, 0, 0.004, 
        0, 0, 0.424, 0.984, 1, 1, 0.769, 0.09, 0, 0.016, 0, 0, 
        0, 0, 0, 0, 0, 0, 0,  ],
    [ 0, 0, 0, 0, 0, 0, 0, 0, 0, 0, 0, 0.008, 0, 0, 0.471, 1, 
        0.996, 1, 0.753, 0.078, 0, 0.012, 0, 0, 0, 0, 0, 0, 0.004, 
        0, 0, 0.392, 0.965, 1, 0.992, 1, 1, 1, 1, 1, 1, 1, 1, 
        1, 1, 1, 1, 1, 1, 1, 1, 1, 1, 1, 1, 1, 1, 1, 1, 1, 1, 
        1, 1, 1, 1, 1, 1, 1, 1, 1, 1, 1, 1, 1, 1, 1, 1, 1, 1, 
        1, 1, 1, 1, 1, 1, 1, 1, 1, 1, 1, 1, 1, 1, 1, 1, 1, 1, 
        1, 1, 1, 1, 1, 1, 1, 1, 1, 0.996, 0.992, 1, 0.651, 0.039, 
        0, 0.008, 0, 0, 0, 0, 0, 0, 0.004, 0.004, 0, 0.463, 1, 
        1, 1, 0.749, 0.09, 0, 0.012, 0, 0, 0, 0, 0, 0, 0, 0, 
        0, 0,  ],
    [ 0, 0, 0, 0, 0, 0, 0, 0, 0, 0, 0, 0, 0.008, 0, 0, 0.443, 
        0.988, 0.996, 1, 0.757, 0.086, 0, 0.016, 0, 0, 0, 0, 
        0, 0, 0.004, 0.004, 0, 0.337, 0.965, 1, 0.988, 1, 1, 
        1, 1, 1, 1, 1, 1, 1, 1, 1, 1, 1, 1, 1, 1, 1, 1, 1, 1, 
        1, 1, 1, 1, 1, 1, 1, 1, 1, 1, 1, 1, 1, 1, 1, 1, 1, 1, 
        1, 1, 1, 1, 1, 1, 1, 1, 1, 1, 1, 1, 1, 1, 1, 1, 1, 1, 
        1, 1, 1, 1, 1, 1, 1, 1, 1, 1, 1, 1, 1, 0.996, 0.992, 
        1, 0.651, 0.039, 0, 0.012, 0, 0, 0, 0, 0, 0, 0.004, 0.008, 
        0, 0.486, 1, 0.992, 1, 0.733, 0.071, 0, 0.012, 0, 0, 
        0, 0, 0, 0, 0, 0, 0, 0, 0,  ],
    [ 0, 0, 0, 0, 0, 0, 0, 0, 0, 0, 0, 0, 0, 0.004, 0, 0, 0.424, 
        0.992, 1, 1, 0.749, 0.086, 0, 0.016, 0, 0, 0, 0, 0, 0, 
        0.004, 0.008, 0, 0.353, 0.973, 1, 0.988, 1, 1, 1, 1, 
        1, 1, 1, 1, 1, 1, 1, 1, 1, 1, 1, 1, 1, 1, 1, 1, 1, 1, 
        1, 1, 1, 1, 1, 1, 1, 1, 1, 1, 1, 1, 1, 1, 1, 1, 1, 1, 
        1, 1, 1, 1, 1, 1, 1, 1, 1, 1, 1, 1, 1, 1, 1, 1, 1, 1, 
        1, 1, 1, 1, 1, 1, 1, 1, 1, 0.996, 0.992, 1, 0.655, 0.039, 
        0, 0.012, 0, 0, 0, 0, 0, 0, 0.008, 0, 0, 0.486, 0.976, 
        1, 1, 0.733, 0.078, 0, 0.012, 0, 0, 0, 0, 0, 0, 0, 0, 
        0, 0, 0, 0,  ],
    [ 0, 0, 0, 0, 0, 0, 0, 0, 0, 0, 0, 0, 0, 0, 0.004, 0.004, 
        0, 0.416, 0.988, 0.98, 1, 0.788, 0.125, 0, 0.016, 0, 
        0, 0, 0, 0, 0, 0.004, 0.008, 0, 0.337, 0.949, 1, 0.988, 
        1, 1, 1, 1, 1, 1, 1, 1, 1, 1, 1, 1, 1, 1, 1, 1, 1, 1, 
        1, 1, 1, 1, 1, 1, 1, 1, 1, 1, 1, 1, 1, 1, 1, 1, 1, 1, 
        1, 1, 1, 1, 1, 1, 1, 1, 1, 1, 1, 1, 1, 1, 1, 1, 1, 1, 
        1, 1, 1, 1, 1, 1, 1, 1, 1, 1, 1, 0.996, 0.992, 1, 0.635, 
        0.031, 0, 0.008, 0, 0, 0, 0, 0, 0, 0.008, 0, 0, 0.514, 
        1, 1, 1, 0.702, 0.075, 0, 0.012, 0, 0, 0, 0, 0, 0, 0, 
        0, 0, 0, 0, 0, 0,  ],
    [ 0, 0, 0, 0, 0, 0, 0, 0, 0, 0, 0, 0, 0, 0, 0, 0.004, 0.004, 
        0, 0.376, 0.961, 1, 1, 0.812, 0.125, 0, 0.012, 0, 0, 
        0, 0, 0, 0, 0.004, 0.008, 0, 0.306, 0.945, 1, 0.988, 
        1, 1, 1, 1, 1, 1, 1, 1, 1, 1, 1, 1, 1, 1, 1, 1, 1, 1, 
        1, 1, 1, 1, 1, 1, 1, 1, 1, 1, 1, 1, 1, 1, 1, 1, 1, 1, 
        1, 1, 1, 1, 1, 1, 1, 1, 1, 1, 1, 1, 1, 1, 1, 1, 1, 1, 
        1, 1, 1, 1, 1, 1, 1, 1, 1, 0.996, 0.996, 1, 0.62, 0.024, 
        0, 0.008, 0, 0, 0, 0, 0, 0, 0.008, 0, 0.024, 0.569, 1, 
        0.992, 1, 0.682, 0.055, 0, 0.012, 0, 0, 0, 0, 0, 0, 0, 
        0, 0, 0, 0, 0, 0, 0,  ],
    [ 0, 0, 0, 0, 0, 0, 0, 0, 0, 0, 0, 0, 0, 0, 0, 0, 0.004, 
        0.008, 0, 0.369, 0.976, 1, 1, 0.8, 0.161, 0, 0.008, 0, 
        0, 0, 0, 0, 0, 0.004, 0.008, 0, 0.31, 0.949, 1, 0.988, 
        1, 1, 1, 1, 1, 1, 1, 1, 1, 1, 1, 1, 1, 1, 1, 1, 1, 1, 
        1, 1, 1, 1, 1, 1, 1, 1, 1, 1, 1, 1, 1, 1, 1, 1, 1, 1, 
        1, 1, 1, 1, 1, 1, 1, 1, 1, 1, 1, 1, 1, 1, 1, 1, 1, 1, 
        1, 1, 1, 1, 1, 1, 1, 0.996, 0.996, 1, 0.612, 0.024, 0, 
        0.008, 0, 0, 0, 0, 0, 0, 0.008, 0, 0.043, 0.58, 1, 0.992, 
        1, 0.694, 0.051, 0, 0.012, 0, 0, 0, 0, 0, 0, 0, 0, 0, 
        0, 0, 0, 0, 0, 0,  ],
    [ 0, 0, 0, 0, 0, 0, 0, 0, 0, 0, 0, 0, 0, 0, 0, 0, 0, 0.004, 
        0.008, 0, 0.373, 0.969, 1, 1, 0.831, 0.22, 0, 0.012, 
        0, 0, 0, 0, 0, 0, 0.004, 0.008, 0, 0.286, 0.933, 1, 0.988, 
        1, 1, 1, 1, 1, 1, 1, 1, 1, 1, 1, 1, 1, 1, 1, 1, 1, 1, 
        1, 1, 1, 1, 1, 1, 1, 1, 1, 1, 1, 1, 1, 1, 1, 1, 1, 1, 
        1, 1, 1, 1, 1, 1, 1, 1, 1, 1, 1, 1, 1, 1, 1, 1, 1, 1, 
        1, 1, 1, 1, 1, 0.996, 0.996, 1, 0.584, 0.016, 0, 0.008, 
        0, 0, 0, 0, 0, 0, 0.008, 0, 0.035, 0.596, 0.996, 0.996, 
        1, 0.659, 0.055, 0, 0.012, 0, 0, 0, 0, 0, 0, 0, 0, 0, 
        0, 0, 0, 0, 0, 0, 0,  ],
    [ 0, 0, 0, 0, 0, 0, 0, 0, 0, 0, 0, 0, 0, 0, 0, 0, 0, 0, 0.004, 
        0.008, 0, 0.337, 0.961, 1, 1, 0.831, 0.149, 0, 0.012, 
        0, 0, 0, 0, 0, 0, 0.004, 0.012, 0, 0.271, 0.922, 1, 0.988, 
        1, 1, 1, 1, 1, 1, 1, 1, 1, 1, 1, 1, 1, 1, 1, 1, 1, 1, 
        1, 1, 1, 1, 1, 1, 1, 1, 1, 1, 1, 1, 1, 1, 1, 1, 1, 1, 
        1, 1, 1, 1, 1, 1, 1, 1, 1, 1, 1, 1, 1, 1, 1, 1, 1, 1, 
        1, 1, 1, 0.996, 0.996, 1, 0.58, 0, 0, 0.008, 0, 0, 0, 
        0, 0, 0, 0.008, 0, 0.024, 0.62, 1, 0.992, 1, 0.647, 0.035, 
        0, 0.012, 0, 0, 0, 0, 0, 0, 0, 0, 0, 0, 0, 0, 0, 0, 0, 
        0, 0,  ],
    [ 0, 0, 0, 0, 0, 0, 0, 0, 0, 0, 0, 0, 0, 0, 0, 0, 0, 0, 0, 
        0.004, 0.008, 0, 0.325, 0.953, 1, 1, 0.871, 0.239, 0, 
        0.008, 0, 0, 0, 0, 0, 0, 0, 0.012, 0, 0.275, 0.922, 1, 
        0.988, 1, 1, 1, 1, 1, 1, 1, 1, 1, 1, 1, 1, 1, 1, 1, 1, 
        1, 1, 1, 1, 1, 1, 1, 1, 1, 1, 1, 1, 1, 1, 1, 1, 1, 1, 
        1, 1, 1, 1, 1, 1, 1, 1, 1, 1, 1, 1, 1, 1, 1, 1, 1, 1, 
        1, 1, 1, 0.996, 0.996, 1, 0.561, 0.016, 0, 0.008, 0, 
        0, 0, 0, 0, 0, 0.012, 0, 0.043, 0.651, 1, 0.988, 1, 0.639, 
        0.027, 0, 0.012, 0, 0, 0, 0, 0, 0, 0, 0, 0, 0, 0, 0, 
        0, 0, 0, 0, 0, 0,  ],
    [ 0, 0, 0, 0, 0, 0, 0, 0, 0, 0, 0, 0, 0, 0, 0, 0, 0, 0, 0, 
        0, 0.004, 0.008, 0, 0.337, 0.922, 1, 1, 0.863, 0.259, 
        0, 0.016, 0, 0, 0, 0, 0, 0, 0, 0.008, 0, 0.251, 0.918, 
        1, 0.984, 1, 1, 1, 1, 1, 1, 1, 1, 1, 1, 1, 1, 1, 1, 1, 
        1, 1, 1, 1, 1, 1, 1, 1, 1, 1, 1, 1, 1, 1, 1, 1, 1, 1, 
        1, 1, 1, 1, 1, 1, 1, 1, 1, 1, 1, 1, 1, 1, 1, 1, 1, 1, 
        1, 1, 0.996, 0.996, 1, 0.49, 0, 0, 0.004, 0, 0, 0, 0, 
        0, 0, 0.012, 0, 0.047, 0.655, 1, 0.992, 1, 0.6, 0.039, 
        0, 0.008, 0, 0, 0, 0, 0, 0, 0, 0, 0, 0, 0, 0, 0, 0, 0, 
        0, 0, 0, 0,  ],
    [ 0, 0, 0, 0, 0, 0, 0, 0, 0, 0, 0, 0, 0, 0, 0, 0, 0, 0, 0, 
        0, 0, 0.004, 0.008, 0, 0.298, 0.937, 1, 1, 0.894, 0.259, 
        0, 0.012, 0, 0, 0, 0, 0, 0, 0, 0.008, 0, 0.196, 0.898, 
        1, 0.984, 1, 1, 1, 1, 1, 1, 1, 1, 1, 1, 1, 1, 1, 1, 1, 
        1, 1, 1, 1, 1, 1, 1, 1, 1, 1, 1, 1, 1, 1, 1, 1, 1, 1, 
        1, 1, 1, 1, 1, 1, 1, 1, 1, 1, 1, 1, 1, 1, 1, 1, 1, 1, 
        0.996, 0.996, 1, 0.506, 0, 0.004, 0.004, 0, 0, 0, 0, 
        0, 0, 0.012, 0, 0.043, 0.663, 1, 0.988, 1, 0.592, 0.024, 
        0, 0.008, 0, 0, 0, 0, 0, 0, 0, 0, 0, 0, 0, 0, 0, 0, 0, 
        0, 0, 0, 0, 0,  ],
    [ 0, 0, 0, 0, 0, 0, 0, 0, 0, 0, 0, 0, 0, 0, 0, 0, 0, 0, 0, 
        0, 0, 0, 0.004, 0.008, 0, 0.294, 0.941, 1, 1, 0.91, 0.235, 
        0, 0.008, 0.004, 0, 0, 0, 0, 0, 0, 0.016, 0, 0.157, 0.898, 
        1, 0.984, 1, 1, 1, 1, 1, 1, 1, 1, 1, 1, 1, 1, 1, 1, 1, 
        1, 1, 1, 1, 1, 1, 1, 1, 1, 1, 1, 1, 1, 1, 1, 1, 1, 1, 
        1, 1, 1, 1, 1, 1, 1, 1, 1, 1, 1, 1, 1, 1, 1, 1, 0.992, 
        0.996, 1, 0.443, 0, 0.004, 0.004, 0, 0, 0, 0, 0, 0, 0.012, 
        0, 0.059, 0.698, 1, 0.992, 1, 0.537, 0, 0, 0.008, 0, 
        0, 0, 0, 0, 0, 0, 0, 0, 0, 0, 0, 0, 0, 0, 0, 0, 0, 0, 
        0, 0,  ],
    [ 0, 0, 0, 0, 0, 0, 0, 0, 0, 0, 0, 0, 0, 0, 0, 0, 0, 0, 0, 
        0, 0, 0, 0, 0, 0.008, 0, 0.282, 0.898, 1, 1, 0.949, 0.302, 
        0, 0.008, 0.004, 0, 0, 0, 0, 0, 0, 0.016, 0, 0.212, 0.894, 
        1, 0.984, 1, 1, 1, 1, 1, 1, 1, 1, 1, 1, 1, 1, 1, 1, 1, 
        1, 1, 1, 1, 1, 1, 1, 1, 1, 1, 1, 1, 1, 1, 1, 1, 1, 1, 
        1, 1, 1, 1, 1, 1, 1, 1, 1, 1, 1, 1, 1, 1, 0.992, 1, 1, 
        0.42, 0, 0.004, 0.004, 0, 0, 0, 0, 0, 0, 0.012, 0, 0.075, 
        0.722, 1, 0.988, 1, 0.514, 0, 0, 0.008, 0, 0, 0, 0, 0, 
        0, 0, 0, 0, 0, 0, 0, 0, 0, 0, 0, 0, 0, 0, 0, 0, 0,  ],
    [ 0, 0, 0, 0, 0, 0, 0, 0, 0, 0, 0, 0, 0, 0, 0, 0, 0, 0, 0, 
        0, 0, 0, 0, 0, 0, 0.008, 0, 0.251, 0.898, 1, 1, 0.937, 
        0.306, 0, 0.008, 0.004, 0, 0, 0, 0, 0, 0, 0.012, 0, 0.169, 
        0.871, 1, 0.984, 1, 1, 1, 1, 1, 1, 1, 1, 1, 1, 1, 1, 
        1, 1, 1, 1, 1, 1, 1, 1, 1, 1, 1, 1, 1, 1, 1, 1, 1, 1, 
        1, 1, 1, 1, 1, 1, 1, 1, 1, 1, 1, 1, 1, 1, 1, 0.992, 1, 
        0.996, 0.459, 0, 0.004, 0.004, 0, 0, 0, 0, 0, 0, 0.012, 
        0, 0.082, 0.725, 1, 0.988, 1, 0.482, 0, 0.004, 0.004, 
        0, 0, 0, 0, 0, 0, 0, 0, 0, 0, 0, 0, 0, 0, 0, 0, 0, 0, 
        0, 0, 0, 0, 0,  ],
    [ 0, 0, 0, 0, 0, 0, 0, 0, 0, 0, 0, 0, 0, 0, 0, 0, 0, 0, 0, 
        0, 0, 0, 0, 0, 0, 0, 0.008, 0, 0.271, 0.918, 1, 1, 0.953, 
        0.337, 0, 0.008, 0.004, 0, 0, 0, 0, 0, 0, 0.012, 0, 0.133, 
        0.867, 1, 0.984, 1, 1, 1, 1, 1, 1, 1, 1, 1, 1, 1, 1, 
        1, 1, 1, 1, 1, 1, 1, 1, 1, 1, 1, 1, 1, 1, 1, 1, 1, 1, 
        1, 1, 1, 1, 1, 1, 1, 1, 1, 1, 1, 1, 1, 0.992, 1, 0.973, 
        0.392, 0, 0.004, 0.004, 0, 0, 0, 0, 0, 0, 0.012, 0, 0.071, 
        0.761, 1, 0.992, 1, 0.49, 0, 0, 0.008, 0, 0, 0, 0, 0, 
        0, 0, 0, 0, 0, 0, 0, 0, 0, 0, 0, 0, 0, 0, 0, 0, 0, 0, 
        0,  ],
    [ 0, 0, 0, 0, 0, 0, 0, 0, 0, 0, 0, 0, 0, 0, 0, 0, 0, 0, 0, 
        0, 0, 0, 0, 0, 0, 0, 0, 0.008, 0, 0.235, 0.847, 1, 1, 
        0.98, 0.353, 0, 0.008, 0.004, 0, 0, 0, 0, 0, 0, 0.016, 
        0, 0.09, 0.808, 1, 0.984, 1, 1, 1, 1, 1, 1, 1, 1, 1, 
        1, 1, 1, 1, 1, 1, 1, 1, 1, 1, 1, 1, 1, 1, 1, 1, 1, 1, 
        1, 1, 1, 1, 1, 1, 1, 1, 1, 1, 1, 1, 1, 1, 0.992, 1, 0.973, 
        0.365, 0, 0.051, 0, 0, 0, 0, 0, 0, 0, 0.012, 0, 0.078, 
        0.745, 1, 0.992, 1, 0.463, 0, 0, 0.008, 0, 0, 0, 0, 0, 
        0, 0, 0, 0, 0, 0, 0, 0, 0, 0, 0, 0, 0, 0, 0, 0, 0, 0, 
        0, 0,  ],
    [ 0, 0, 0, 0, 0, 0, 0, 0, 0, 0, 0, 0, 0, 0, 0, 0, 0, 0, 0, 
        0, 0, 0, 0, 0, 0, 0, 0, 0, 0.012, 0, 0.169, 0.851, 1, 
        1, 0.961, 0.349, 0, 0.008, 0.004, 0, 0, 0, 0, 0, 0, 0.016, 
        0, 0.114, 0.816, 1, 0.996, 1, 1, 1, 1, 1, 1, 1, 1, 1, 
        1, 1, 1, 1, 1, 1, 1, 1, 1, 1, 1, 1, 1, 1, 1, 1, 1, 1, 
        1, 1, 1, 1, 1, 1, 1, 1, 1, 1, 1, 1, 0.992, 1, 0.965, 
        0.365, 0, 0.008, 0, 0, 0, 0, 0, 0, 0, 0.016, 0, 0.094, 
        0.753, 1, 0.996, 1, 0.451, 0, 0.004, 0.008, 0, 0, 0, 
        0, 0, 0, 0, 0, 0, 0, 0, 0, 0, 0, 0, 0, 0, 0, 0, 0, 0, 
        0, 0, 0, 0, 0,  ],
    [ 0, 0, 0, 0, 0, 0, 0, 0, 0, 0, 0, 0, 0, 0, 0, 0, 0, 0, 0, 
        0, 0, 0, 0, 0, 0, 0, 0, 0, 0, 0.012, 0, 0.22, 0.847, 
        1, 1, 0.969, 0.384, 0, 0.008, 0.004, 0, 0, 0, 0, 0, 0, 
        0.016, 0, 0.098, 0.737, 1, 0.996, 1, 1, 1, 1, 1, 1, 1, 
        1, 1, 1, 1, 1, 1, 1, 1, 1, 1, 1, 1, 1, 1, 1, 1, 1, 1, 
        1, 1, 1, 1, 1, 1, 1, 1, 1, 1, 1, 1, 0.996, 1, 0.945, 
        0.337, 0, 0.008, 0.004, 0, 0, 0, 0, 0, 0, 0.012, 0, 0.094, 
        0.773, 1, 0.996, 0.996, 0.431, 0, 0.004, 0.004, 0, 0, 
        0, 0, 0, 0, 0, 0, 0, 0, 0, 0, 0, 0, 0, 0, 0, 0, 0, 0, 
        0, 0, 0, 0, 0, 0, 0,  ],
    [ 0, 0, 0, 0, 0, 0, 0, 0, 0, 0, 0, 0, 0, 0, 0, 0, 0, 0, 0, 
        0, 0, 0, 0, 0, 0, 0, 0, 0, 0, 0, 0.008, 0, 0.133, 0.871, 
        1, 1, 0.984, 0.388, 0, 0.008, 0.004, 0, 0, 0, 0, 0, 0, 
        0.02, 0, 0.263, 1, 0.996, 1, 1, 1, 1, 1, 1, 1, 1, 1, 
        1, 1, 1, 1, 1, 1, 1, 1, 1, 1, 1, 1, 1, 1, 1, 1, 1, 1, 
        1, 1, 1, 1, 1, 1, 1, 1, 1, 1, 0.992, 1, 0.651, 0, 0.004, 
        0.004, 0, 0, 0, 0, 0, 0, 0.012, 0, 0.114, 0.82, 1, 1, 
        1, 0.408, 0, 0.004, 0.004, 0, 0, 0, 0, 0, 0, 0, 0, 0, 
        0, 0, 0, 0, 0, 0, 0, 0, 0, 0, 0, 0, 0, 0, 0, 0, 0, 0, 
        0,  ],
    [ 0, 0, 0, 0, 0, 0, 0, 0, 0, 0, 0, 0, 0, 0, 0, 0, 0, 0, 0, 
        0, 0, 0, 0, 0, 0, 0, 0, 0, 0, 0, 0, 0.016, 0, 0.137, 
        0.843, 1, 1, 0.984, 0.388, 0, 0.004, 0.004, 0, 0, 0, 
        0, 0, 0.012, 0, 0.361, 1, 0.992, 1, 1, 1, 1, 1, 1, 1, 
        1, 1, 1, 1, 1, 1, 1, 1, 1, 1, 1, 1, 1, 1, 1, 1, 1, 1, 
        1, 1, 1, 1, 1, 1, 1, 1, 1, 1, 1, 1, 0.992, 1, 0.733, 
        0, 0.004, 0, 0, 0, 0, 0, 0, 0.016, 0, 0.157, 0.82, 1, 
        1, 0.988, 0.42, 0, 0.008, 0.004, 0, 0, 0, 0, 0, 0, 0, 
        0, 0, 0, 0, 0, 0, 0, 0, 0, 0, 0, 0, 0, 0, 0, 0, 0, 0, 
        0, 0, 0, 0,  ],
    [ 0, 0, 0, 0, 0, 0, 0, 0, 0, 0, 0, 0, 0, 0, 0, 0, 0, 0, 0, 
        0, 0, 0, 0, 0, 0, 0, 0, 0, 0, 0, 0, 0, 0.016, 0, 0.106, 
        0.788, 1, 1, 0.984, 0.404, 0, 0.004, 0.004, 0, 0, 0, 
        0, 0.008, 0, 0.533, 1, 0.992, 1, 1, 1, 1, 1, 1, 1, 1, 
        1, 1, 1, 1, 1, 1, 1, 1, 1, 1, 1, 1, 1, 1, 1, 1, 1, 1, 
        1, 1, 1, 1, 1, 1, 1, 1, 1, 1, 1, 0.992, 1, 0.847, 0.075, 
        0, 0.004, 0, 0, 0, 0, 0.012, 0, 0.122, 0.804, 1, 1, 0.976, 
        0.396, 0, 0.004, 0.004, 0, 0, 0, 0, 0, 0, 0, 0, 0, 0, 
        0, 0, 0, 0, 0, 0, 0, 0, 0, 0, 0, 0, 0, 0, 0, 0, 0, 0, 
        0, 0,  ],
    [ 0, 0, 0, 0, 0, 0, 0, 0, 0, 0, 0, 0, 0, 0, 0, 0, 0, 0, 0, 
        0, 0, 0, 0, 0, 0, 0, 0, 0, 0, 0, 0, 0, 0, 0.016, 0, 0.098, 
        0.776, 1, 1, 0.992, 0.42, 0, 0.004, 0, 0, 0, 0, 0, 0, 
        0.714, 1, 0.988, 1, 1, 1, 1, 1, 1, 1, 1, 1, 1, 1, 1, 
        1, 1, 1, 1, 1, 1, 1, 1, 1, 1, 1, 1, 1, 1, 1, 1, 1, 1, 
        1, 1, 1, 1, 1, 1, 1, 0.996, 1, 0.996, 0.231, 0, 0.008, 
        0, 0, 0, 0.008, 0, 0.141, 0.831, 1, 1, 0.976, 0.373, 
        0, 0.004, 0.004, 0, 0, 0, 0, 0, 0, 0, 0, 0, 0, 0, 0, 
        0, 0, 0, 0, 0, 0, 0, 0, 0, 0, 0, 0, 0, 0, 0, 0, 0, 0, 
        0,  ],
    [ 0, 0, 0, 0, 0, 0, 0, 0, 0, 0, 0, 0, 0, 0, 0, 0, 0, 0, 0, 
        0, 0, 0, 0, 0, 0, 0, 0, 0, 0, 0, 0, 0, 0, 0, 0.016, 0, 
        0.098, 0.792, 1, 1, 0.996, 0.365, 0, 0.008, 0, 0, 0.004, 
        0, 0.008, 0.82, 1, 0.992, 1, 1, 1, 1, 1, 1, 1, 1, 1, 
        1, 1, 1, 1, 1, 1, 1, 1, 1, 1, 1, 1, 1, 1, 1, 1, 1, 1, 
        1, 1, 1, 1, 1, 1, 1, 1, 1, 1, 1, 0.996, 1, 0.31, 0, 0.012, 
        0, 0, 0.004, 0, 0.082, 0.871, 1, 1, 0.976, 0.365, 0, 
        0.008, 0.004, 0, 0, 0, 0, 0, 0, 0, 0, 0, 0, 0, 0, 0, 
        0, 0, 0, 0, 0, 0, 0, 0, 0, 0, 0, 0, 0, 0, 0, 0, 0, 0, 
        0,  ],
    [ 0, 0, 0, 0, 0, 0, 0, 0, 0, 0, 0, 0, 0, 0, 0, 0, 0, 0, 0, 
        0, 0, 0, 0, 0, 0, 0, 0, 0, 0, 0, 0, 0, 0, 0, 0, 0.016, 
        0, 0.094, 0.796, 1, 1, 0.631, 0, 0.012, 0, 0, 0.004, 
        0, 0.114, 0.961, 1, 0.996, 1, 1, 1, 1, 1, 1, 1, 1, 1, 
        1, 1, 1, 1, 1, 1, 1, 1, 1, 1, 1, 1, 1, 1, 1, 1, 1, 1, 
        1, 1, 1, 1, 1, 1, 1, 1, 1, 1, 1, 0.984, 1, 0.451, 0, 
        0.016, 0, 0, 0.012, 0, 0.247, 1, 1, 0.961, 0.357, 0, 
        0.008, 0.004, 0, 0, 0, 0, 0, 0, 0, 0, 0, 0, 0, 0, 0, 
        0, 0, 0, 0, 0, 0, 0, 0, 0, 0, 0, 0, 0, 0, 0, 0, 0, 0, 
        0, 0,  ],
    [ 0, 0, 0, 0, 0, 0, 0, 0, 0, 0, 0, 0, 0, 0, 0, 0, 0, 0, 0, 
        0, 0, 0, 0, 0, 0, 0, 0, 0, 0, 0, 0, 0, 0, 0, 0, 0, 0.012, 
        0, 0.569, 1, 1, 0.506, 0, 0.008, 0, 0, 0.012, 0, 0.267, 
        1, 1, 1, 1, 1, 1, 1, 1, 1, 1, 1, 1, 1, 1, 1, 1, 1, 1, 
        1, 1, 1, 1, 1, 1, 1, 1, 1, 1, 1, 1, 1, 1, 1, 1, 1, 1, 
        1, 1, 1, 1, 1, 0.984, 1, 0.643, 0, 0.008, 0, 0, 0.008, 
        0, 0.176, 0.949, 1, 0.871, 0.118, 0, 0.008, 0, 0, 0, 
        0, 0, 0, 0, 0, 0, 0, 0, 0, 0, 0, 0, 0, 0, 0, 0, 0, 0, 
        0, 0, 0, 0, 0, 0, 0, 0, 0, 0, 0, 0, 0,  ],
    [ 0, 0, 0, 0, 0, 0, 0, 0, 0, 0, 0, 0, 0, 0, 0, 0, 0, 0, 0, 
        0, 0, 0, 0, 0, 0, 0, 0, 0, 0, 0, 0, 0, 0, 0, 0, 0.004, 
        0, 0.004, 0.761, 1, 1, 0.306, 0, 0.012, 0, 0, 0.016, 
        0, 0.439, 1, 0.988, 1, 1, 1, 1, 1, 1, 1, 1, 1, 1, 1, 
        1, 1, 1, 1, 1, 1, 1, 1, 1, 1, 1, 1, 1, 1, 1, 1, 1, 1, 
        1, 1, 1, 1, 1, 1, 1, 1, 1, 1, 0.992, 1, 0.769, 0, 0, 
        0.004, 0, 0.004, 0, 0.051, 0.816, 1, 0.941, 0.255, 0, 
        0.012, 0, 0, 0, 0, 0, 0, 0, 0, 0, 0, 0, 0, 0, 0, 0, 0, 
        0, 0, 0, 0, 0, 0, 0, 0, 0, 0, 0, 0, 0, 0, 0, 0, 0, 0, 
         ],
    [ 0, 0, 0, 0, 0, 0, 0, 0, 0, 0, 0, 0, 0, 0, 0, 0, 0, 0, 0, 
        0, 0, 0, 0, 0, 0, 0, 0, 0, 0, 0, 0, 0, 0, 0, 0, 0.004, 
        0, 0.024, 0.843, 1, 0.953, 0.18, 0, 0.008, 0, 0, 0.012, 
        0, 0.624, 1, 0.984, 1, 1, 1, 1, 1, 1, 1, 1, 1, 1, 1, 
        1, 1, 1, 1, 1, 1, 1, 1, 1, 1, 1, 1, 1, 1, 1, 1, 1, 1, 
        1, 1, 1, 1, 1, 1, 1, 1, 1, 1, 0.996, 1, 0.953, 0.098, 
        0, 0.004, 0, 0, 0.004, 0, 0.725, 1, 1, 0.345, 0, 0.016, 
        0, 0, 0, 0, 0, 0, 0, 0, 0, 0, 0, 0, 0, 0, 0, 0, 0, 0, 
        0, 0, 0, 0, 0, 0, 0, 0, 0, 0, 0, 0, 0, 0, 0, 0,  ],
    [ 0, 0, 0, 0, 0, 0, 0, 0, 0, 0, 0, 0, 0, 0, 0, 0, 0, 0, 0, 
        0, 0, 0, 0, 0, 0, 0, 0, 0, 0, 0, 0, 0, 0, 0, 0, 0.008, 
        0, 0.192, 0.953, 1, 0.859, 0.067, 0, 0.004, 0, 0, 0.004, 
        0, 0.702, 1, 0.988, 1, 1, 1, 1, 1, 1, 1, 1, 1, 1, 1, 
        1, 1, 1, 1, 1, 1, 1, 1, 1, 1, 1, 1, 1, 1, 1, 1, 1, 1, 
        1, 1, 1, 1, 1, 1, 1, 1, 1, 1, 0.996, 1, 0.996, 0.216, 
        0, 0.008, 0, 0, 0.008, 0, 0.58, 1, 1, 0.475, 0, 0.012, 
        0, 0, 0, 0, 0, 0, 0, 0, 0, 0, 0, 0, 0, 0, 0, 0, 0, 0, 
        0, 0, 0, 0, 0, 0, 0, 0, 0, 0, 0, 0, 0, 0, 0, 0,  ],
    [ 0, 0, 0, 0, 0, 0, 0, 0, 0, 0, 0, 0, 0, 0, 0, 0, 0, 0, 0, 
        0, 0, 0, 0, 0, 0, 0, 0, 0, 0, 0, 0, 0, 0, 0, 0, 0.012, 
        0, 0.306, 1, 1, 0.729, 0, 0, 0, 0, 0.004, 0, 0.063, 0.831, 
        1, 0.992, 1, 1, 1, 1, 1, 1, 1, 1, 1, 1, 1, 1, 1, 1, 1, 
        1, 1, 1, 1, 1, 1, 1, 1, 1, 1, 1, 1, 1, 1, 1, 1, 1, 1, 
        1, 1, 1, 1, 1, 1, 1, 0.996, 1, 0.302, 0, 0.012, 0, 0, 
        0.016, 0, 0.373, 1, 1, 0.671, 0, 0.004, 0, 0, 0, 0, 0, 
        0, 0, 0, 0, 0, 0, 0, 0, 0, 0, 0, 0, 0, 0, 0, 0, 0, 0, 
        0, 0, 0, 0, 0, 0, 0, 0, 0, 0, 0,  ],
    [ 0, 0, 0, 0, 0, 0, 0, 0, 0, 0, 0, 0, 0, 0, 0, 0, 0, 0, 0, 
        0, 0, 0, 0, 0, 0, 0, 0, 0, 0, 0, 0, 0, 0, 0, 0, 0.012, 
        0, 0.463, 1, 1, 0.588, 0, 0.004, 0, 0, 0.008, 0, 0.204, 
        0.992, 1, 0.996, 1, 1, 1, 1, 1, 1, 1, 1, 1, 1, 1, 1, 
        1, 1, 1, 1, 1, 1, 1, 1, 1, 1, 1, 1, 1, 1, 1, 1, 1, 1, 
        1, 1, 1, 1, 1, 1, 1, 1, 1, 1, 0.988, 1, 0.541, 0, 0.008, 
        0, 0, 0.012, 0, 0.255, 0.969, 1, 0.8, 0, 0, 0.004, 0, 
        0, 0, 0, 0, 0, 0, 0, 0, 0, 0, 0, 0, 0, 0, 0, 0, 0, 0, 
        0, 0, 0, 0, 0, 0, 0, 0, 0, 0, 0, 0, 0, 0,  ],
    [ 0, 0, 0, 0, 0, 0, 0, 0, 0, 0, 0, 0, 0, 0, 0, 0, 0, 0, 0, 
        0, 0, 0, 0, 0, 0, 0, 0, 0, 0, 0, 0, 0, 0, 0, 0, 0.008, 
        0, 0.647, 1, 1, 0.439, 0, 0.012, 0, 0, 0.012, 0, 0.267, 
        1, 1, 1, 1, 1, 1, 1, 1, 1, 1, 1, 1, 1, 1, 1, 1, 1, 1, 
        1, 1, 1, 1, 1, 1, 1, 1, 1, 1, 1, 1, 1, 1, 1, 1, 1, 1, 
        1, 1, 1, 1, 1, 1, 1, 0.988, 1, 0.678, 0, 0.008, 0, 0, 
        0.008, 0, 0.133, 0.882, 1, 0.925, 0.106, 0, 0.004, 0, 
        0, 0, 0, 0, 0, 0, 0, 0, 0, 0, 0, 0, 0, 0, 0, 0, 0, 0, 
        0, 0, 0, 0, 0, 0, 0, 0, 0, 0, 0, 0, 0, 0,  ],
    [ 0, 0, 0, 0, 0, 0, 0, 0, 0, 0, 0, 0, 0, 0, 0, 0, 0, 0, 0, 
        0, 0, 0, 0, 0, 0, 0, 0, 0, 0, 0, 0, 0, 0, 0, 0.004, 0, 
        0, 0.737, 1, 0.988, 0.298, 0, 0.012, 0, 0, 0.008, 0, 
        0.435, 1, 0.996, 1, 1, 1, 1, 1, 1, 1, 1, 1, 1, 1, 1, 
        1, 1, 1, 1, 1, 1, 1, 0.996, 0.988, 0.988, 1, 1, 1, 1, 
        1, 1, 1, 1, 1, 1, 1, 1, 1, 1, 1, 1, 1, 1, 1, 0.988, 1, 
        0.749, 0.031, 0, 0.004, 0, 0.004, 0, 0.012, 0.8, 1, 1, 
        0.239, 0, 0.012, 0, 0, 0, 0, 0, 0, 0, 0, 0, 0, 0, 0, 
        0, 0, 0, 0, 0, 0, 0, 0, 0, 0, 0, 0, 0, 0, 0, 0, 0, 0, 
        0, 0, 0,  ],
    [ 0, 0, 0, 0, 0, 0, 0, 0, 0, 0, 0, 0, 0, 0, 0, 0, 0, 0, 0, 
        0, 0, 0, 0, 0, 0, 0, 0, 0, 0, 0, 0, 0, 0, 0, 0.008, 0, 
        0.122, 0.882, 1, 0.898, 0.2, 0, 0.008, 0, 0, 0.004, 0, 
        0.612, 1, 0.988, 1, 1, 1, 1, 1, 1, 1, 1, 1, 1, 1, 1, 
        1, 1, 1, 1, 1, 0.992, 0.988, 1, 1, 1, 1, 0.992, 1, 1, 
        1, 1, 1, 1, 1, 1, 1, 1, 1, 1, 1, 1, 1, 1, 1, 0.992, 1, 
        0.871, 0.145, 0, 0.008, 0, 0, 0, 0, 0.651, 1, 1, 0.388, 
        0, 0.012, 0, 0, 0, 0, 0, 0, 0, 0, 0, 0, 0, 0, 0, 0, 0, 
        0, 0, 0, 0, 0, 0, 0, 0, 0, 0, 0, 0, 0, 0, 0, 0, 0, 0, 
         ],
    [ 0, 0, 0, 0, 0, 0, 0, 0, 0, 0, 0, 0, 0, 0, 0, 0, 0, 0, 0, 
        0, 0, 0, 0, 0, 0, 0, 0, 0, 0, 0, 0, 0, 0, 0, 0.008, 0, 
        0.212, 0.992, 1, 0.812, 0.059, 0, 0.004, 0, 0.004, 0, 
        0, 0.737, 1, 0.988, 1, 1, 1, 1, 1, 1, 1, 1, 1, 1, 1, 
        1, 1, 1, 1, 0.996, 0.988, 1, 1, 0.914, 0.522, 0.718, 
        1, 1, 0.996, 0.992, 1, 1, 1, 1, 1, 1, 1, 1, 1, 1, 1, 
        1, 1, 1, 1, 0.996, 1, 1, 0.224, 0, 0.012, 0, 0, 0.004, 
        0, 0.51, 1, 1, 0.604, 0, 0.008, 0, 0, 0, 0, 0, 0, 0, 
        0, 0, 0, 0, 0, 0, 0, 0, 0, 0, 0, 0, 0, 0, 0, 0, 0, 0, 
        0, 0, 0, 0, 0, 0, 0, 0,  ],
    [ 0, 0, 0, 0, 0, 0, 0, 0, 0, 0, 0, 0, 0, 0, 0, 0, 0, 0, 0, 
        0, 0, 0, 0, 0, 0, 0, 0, 0, 0, 0, 0, 0, 0, 0, 0.008, 0, 
        0.353, 1, 1, 0.733, 0, 0, 0, 0, 0.008, 0, 0.122, 0.824, 
        1, 0.992, 1, 1, 1, 1, 1, 1, 1, 1, 1, 1, 1, 1, 1, 0.996, 
        0.988, 1, 1, 0.918, 0.541, 0.145, 0, 0.016, 0.341, 0.776, 
        1, 1, 0.992, 0.992, 1, 1, 1, 1, 1, 1, 1, 1, 1, 1, 1, 
        1, 1, 1, 1, 1, 0.333, 0, 0.008, 0, 0, 0.012, 0, 0.341, 
        1, 1, 0.698, 0, 0.004, 0, 0, 0, 0, 0, 0, 0, 0, 0, 0, 
        0, 0, 0, 0, 0, 0, 0, 0, 0, 0, 0, 0, 0, 0, 0, 0, 0, 0, 
        0, 0, 0, 0, 0,  ],
    [ 0, 0, 0, 0, 0, 0, 0, 0, 0, 0, 0, 0, 0, 0, 0, 0, 0, 0, 0, 
        0, 0, 0, 0, 0, 0, 0, 0, 0, 0, 0, 0, 0, 0, 0, 0.004, 0, 
        0.518, 1, 1, 0.58, 0, 0.004, 0, 0, 0.008, 0, 0.216, 0.949, 
        1, 0.996, 1, 1, 1, 1, 1, 1, 1, 1, 1, 1, 1, 0.996, 0.988, 
        1, 1, 0.949, 0.588, 0.161, 0, 0, 0.016, 0, 0, 0.039, 
        0.392, 0.824, 1, 1, 0.988, 0.992, 1, 1, 1, 1, 1, 1, 1, 
        1, 1, 1, 1, 1, 1, 1, 0.463, 0, 0.004, 0, 0, 0.012, 0, 
        0.239, 0.937, 1, 0.784, 0.051, 0, 0.004, 0, 0, 0, 0, 
        0, 0, 0, 0, 0, 0, 0, 0, 0, 0, 0, 0, 0, 0, 0, 0, 0, 0, 
        0, 0, 0, 0, 0, 0, 0, 0, 0, 0,  ],
    [ 0, 0, 0, 0, 0, 0, 0, 0, 0, 0, 0, 0, 0, 0, 0, 0, 0, 0, 0, 
        0, 0, 0, 0, 0, 0, 0, 0, 0, 0, 0, 0, 0, 0, 0, 0.004, 0, 
        0.647, 1, 1, 0.439, 0, 0.008, 0, 0, 0.012, 0, 0.31, 1, 
        0.996, 1, 1, 1, 1, 1, 1, 1, 1, 1, 1, 0.996, 0.992, 1, 
        1, 0.965, 0.608, 0.188, 0, 0, 0.008, 0.008, 0, 0.004, 
        0.012, 0, 0, 0.063, 0.412, 0.875, 1, 1, 0.992, 0.992, 
        1, 1, 1, 1, 1, 1, 1, 1, 1, 1, 0.992, 1, 0.627, 0, 0.004, 
        0, 0, 0.008, 0, 0.161, 0.863, 1, 0.906, 0.18, 0, 0.008, 
        0, 0, 0, 0, 0, 0, 0, 0, 0, 0, 0, 0, 0, 0, 0, 0, 0, 0, 
        0, 0, 0, 0, 0, 0, 0, 0, 0, 0, 0, 0, 0, 0,  ],
    [ 0, 0, 0, 0, 0, 0, 0, 0, 0, 0, 0, 0, 0, 0, 0, 0, 0, 0, 0, 
        0, 0, 0, 0, 0, 0, 0, 0, 0, 0, 0, 0, 0, 0, 0.004, 0, 0.043, 
        0.773, 1, 1, 0.271, 0, 0.012, 0, 0, 0.008, 0, 0.463, 
        1, 0.996, 1, 1, 1, 1, 1, 1, 1, 1, 1, 0.988, 1, 1, 0.961, 
        0.643, 0.204, 0, 0, 0.004, 0.008, 0, 0, 0, 0, 0, 0.004, 
        0.012, 0, 0, 0.078, 0.49, 0.91, 1, 1, 0.996, 0.992, 1, 
        1, 1, 1, 1, 1, 1, 1, 0.988, 1, 0.784, 0.039, 0, 0.004, 
        0, 0.004, 0, 0.043, 0.78, 1, 1, 0.271, 0, 0.012, 0, 0, 
        0, 0, 0, 0, 0, 0, 0, 0, 0, 0, 0, 0, 0, 0, 0, 0, 0, 0, 
        0, 0, 0, 0, 0, 0, 0, 0, 0, 0, 0, 0,  ],
    [ 0, 0, 0, 0, 0, 0, 0, 0, 0, 0, 0, 0, 0, 0, 0, 0, 0, 0, 0, 
        0, 0, 0, 0, 0, 0, 0, 0, 0, 0, 0, 0, 0, 0, 0.008, 0, 0.165, 
        0.859, 1, 0.898, 0.176, 0, 0.008, 0, 0, 0.004, 0, 0.635, 
        1, 0.992, 1, 1, 1, 1, 1, 1, 1, 0.988, 0.992, 1, 1, 0.686, 
        0.267, 0, 0, 0.008, 0.008, 0, 0, 0, 0, 0, 0, 0, 0, 0, 
        0.004, 0.012, 0, 0, 0.153, 0.51, 0.843, 1, 1, 0.992, 
        0.996, 1, 1, 1, 1, 1, 1, 0.992, 1, 0.878, 0.169, 0, 0.008, 
        0, 0, 0.004, 0, 0.655, 1, 1, 0.431, 0, 0.004, 0, 0, 0, 
        0, 0, 0, 0, 0, 0, 0, 0, 0, 0, 0, 0, 0, 0, 0, 0, 0, 0, 
        0, 0, 0, 0, 0, 0, 0, 0, 0, 0, 0,  ],
    [ 0, 0, 0, 0, 0, 0, 0, 0, 0, 0, 0, 0, 0, 0, 0, 0, 0, 0, 0, 
        0, 0, 0, 0, 0, 0, 0, 0, 0, 0, 0, 0, 0, 0, 0.012, 0, 0.231, 
        0.937, 1, 0.796, 0.094, 0, 0.004, 0, 0.004, 0, 0.004, 
        0.78, 1, 0.988, 1, 1, 1, 1, 1, 0.992, 0.996, 1, 1, 0.784, 
        0.322, 0, 0, 0.004, 0.008, 0, 0, 0, 0, 0, 0, 0, 0, 0, 
        0, 0, 0, 0, 0.004, 0.012, 0, 0, 0.137, 0.514, 0.875, 
        1, 1, 0.988, 0.996, 1, 1, 1, 1, 0.996, 1, 1, 0.267, 0, 
        0.012, 0, 0, 0.004, 0, 0.518, 1, 1, 0.569, 0, 0.004, 
        0, 0, 0, 0, 0, 0, 0, 0, 0, 0, 0, 0, 0, 0, 0, 0, 0, 0, 
        0, 0, 0, 0, 0, 0, 0, 0, 0, 0, 0, 0, 0, 0,  ],
    [ 0, 0, 0, 0, 0, 0, 0, 0, 0, 0, 0, 0, 0, 0, 0, 0, 0, 0, 0, 
        0, 0, 0, 0, 0, 0, 0, 0, 0, 0, 0, 0, 0, 0, 0.008, 0, 0.365, 
        1, 1, 0.702, 0, 0.004, 0, 0, 0.008, 0, 0.125, 0.871, 
        1, 0.992, 1, 1, 1, 0.992, 0.996, 1, 1, 0.769, 0.322, 
        0.039, 0, 0, 0.008, 0, 0, 0, 0, 0, 0, 0, 0, 0, 0, 0, 
        0, 0, 0, 0, 0, 0, 0.008, 0.004, 0, 0, 0.149, 0.557, 0.949, 
        1, 1, 0.992, 0.996, 1, 1, 1, 0.992, 1, 0.345, 0, 0.012, 
        0, 0, 0.008, 0, 0.349, 1, 1, 0.722, 0, 0, 0, 0, 0, 0, 
        0, 0, 0, 0, 0, 0, 0, 0, 0, 0, 0, 0, 0, 0, 0, 0, 0, 0, 
        0, 0, 0, 0, 0, 0, 0, 0, 0, 0,  ],
    [ 0, 0, 0, 0, 0, 0, 0, 0, 0, 0, 0, 0, 0, 0, 0, 0, 0, 0, 0, 
        0, 0, 0, 0, 0, 0, 0, 0, 0, 0, 0, 0, 0, 0, 0.004, 0, 0.525, 
        1, 1, 0.569, 0, 0.004, 0, 0, 0.012, 0, 0.243, 1, 1, 0.996, 
        1, 0.996, 0.992, 1, 1, 0.808, 0.373, 0.027, 0, 0, 0.012, 
        0, 0, 0, 0, 0, 0, 0, 0, 0, 0, 0.004, 0.004, 0, 0, 0, 
        0, 0, 0, 0, 0, 0, 0.008, 0.004, 0, 0, 0.18, 0.604, 0.961, 
        1, 1, 0.988, 1, 1, 0.992, 1, 0.533, 0, 0.004, 0, 0, 0.012, 
        0, 0.22, 0.969, 1, 0.82, 0.102, 0, 0.004, 0, 0, 0, 0, 
        0, 0, 0, 0, 0, 0, 0, 0, 0, 0, 0, 0, 0, 0, 0, 0, 0, 0, 
        0, 0, 0, 0, 0, 0, 0, 0, 0,  ],
    [ 0, 0, 0, 0, 0, 0, 0, 0, 0, 0, 0, 0, 0, 0, 0, 0, 0, 0, 0, 
        0, 0, 0, 0, 0, 0, 0, 0, 0, 0, 0, 0, 0, 0, 0, 0, 0.682, 
        1, 1, 0.376, 0, 0.008, 0, 0, 0.012, 0, 0.318, 1, 0.996, 
        0.992, 0.988, 1, 1, 0.835, 0.408, 0.055, 0, 0, 0.016, 
        0.004, 0, 0, 0, 0, 0, 0, 0, 0, 0, 0.008, 0.012, 0, 0, 
        0.012, 0, 0, 0, 0, 0, 0, 0, 0, 0, 0, 0.008, 0.008, 0, 
        0, 0.271, 0.69, 0.969, 1, 0.992, 0.988, 0.988, 1, 0.722, 
        0, 0, 0, 0, 0.008, 0, 0.129, 0.855, 1, 0.89, 0.196, 0, 
        0.008, 0, 0, 0, 0, 0, 0, 0, 0, 0, 0, 0, 0, 0, 0, 0, 0, 
        0, 0, 0, 0, 0, 0, 0, 0, 0, 0, 0, 0, 0, 0, 0,  ],
    [ 0, 0, 0, 0, 0, 0, 0, 0, 0, 0, 0, 0, 0, 0, 0, 0, 0, 0, 0, 
        0, 0, 0, 0, 0, 0, 0, 0, 0, 0, 0, 0, 0, 0.004, 0, 0.047, 
        0.816, 1, 1, 0.235, 0, 0.012, 0, 0, 0.012, 0, 0.494, 
        1, 0.976, 1, 1, 0.898, 0.447, 0.078, 0, 0, 0.012, 0.004, 
        0, 0, 0, 0, 0, 0, 0, 0, 0, 0.008, 0.012, 0, 0, 0.055, 
        0, 0, 0, 0.008, 0, 0, 0, 0, 0, 0, 0, 0, 0, 0, 0.008, 
        0.004, 0, 0.027, 0.306, 0.765, 1, 1, 0.984, 1, 0.82, 
        0.016, 0, 0.004, 0, 0.004, 0, 0, 0.733, 1, 0.984, 0.286, 
        0, 0.012, 0, 0, 0, 0, 0, 0, 0, 0, 0, 0, 0, 0, 0, 0, 0, 
        0, 0, 0, 0, 0, 0, 0, 0, 0, 0, 0, 0, 0, 0, 0, 0,  ],
    [ 0, 0, 0, 0, 0, 0, 0, 0, 0, 0, 0, 0, 0, 0, 0, 0, 0, 0, 0, 
        0, 0, 0, 0, 0, 0, 0, 0, 0, 0, 0, 0, 0, 0.008, 0, 0.165, 
        0.886, 1, 0.941, 0.145, 0, 0.008, 0, 0, 0.004, 0, 0.682, 
        1, 1, 0.922, 0.51, 0.098, 0, 0, 0.012, 0.004, 0, 0, 0, 
        0, 0, 0, 0, 0, 0, 0.004, 0.012, 0, 0, 0.106, 0.522, 0.847, 
        0.682, 0.255, 0, 0, 0.004, 0.008, 0, 0, 0, 0, 0, 0, 0, 
        0, 0, 0, 0.008, 0, 0, 0, 0.298, 0.776, 1, 1, 0.973, 0.161, 
        0, 0.008, 0, 0, 0.008, 0, 0.647, 1, 1, 0.427, 0, 0.012, 
        0, 0, 0, 0, 0, 0, 0, 0, 0, 0, 0, 0, 0, 0, 0, 0, 0, 0, 
        0, 0, 0, 0, 0, 0, 0, 0, 0, 0, 0, 0, 0,  ],
    [ 0, 0, 0, 0, 0, 0, 0, 0, 0, 0, 0, 0, 0, 0, 0, 0, 0, 0, 0, 
        0, 0, 0, 0, 0, 0, 0, 0, 0, 0, 0, 0, 0, 0.012, 0, 0.259, 
        0.949, 1, 0.796, 0.012, 0, 0.004, 0, 0.004, 0, 0.008, 
        0.827, 0.973, 0.565, 0.161, 0, 0, 0.012, 0.004, 0, 0, 
        0, 0, 0, 0, 0, 0, 0, 0.004, 0.012, 0, 0, 0.082, 0.475, 
        0.886, 1, 1, 1, 0.976, 0.62, 0.2, 0, 0, 0.004, 0.004, 
        0, 0, 0, 0, 0, 0, 0, 0, 0, 0.004, 0.008, 0, 0, 0.027, 
        0.388, 0.792, 1, 0.298, 0, 0.012, 0, 0, 0.008, 0, 0.498, 
        1, 1, 0.588, 0, 0, 0, 0, 0, 0, 0, 0, 0, 0, 0, 0, 0, 0, 
        0, 0, 0, 0, 0, 0, 0, 0, 0, 0, 0, 0, 0, 0, 0, 0, 0, 0, 
        0,  ],
    [ 0, 0, 0, 0, 0, 0, 0, 0, 0, 0, 0, 0, 0, 0, 0, 0, 0, 0, 0, 
        0, 0, 0, 0, 0, 0, 0, 0, 0, 0, 0, 0, 0, 0.016, 0, 0.376, 
        1, 1, 0.694, 0, 0.004, 0, 0, 0.004, 0, 0.035, 0.494, 
        0.208, 0, 0, 0.012, 0.008, 0, 0, 0, 0, 0, 0, 0, 0, 0, 
        0.004, 0.012, 0, 0, 0.063, 0.431, 0.843, 1, 1, 1, 1, 
        1, 1, 0.957, 0.831, 0.557, 0.196, 0, 0, 0.012, 0.008, 
        0, 0, 0, 0, 0, 0, 0, 0, 0, 0, 0.016, 0, 0, 0.047, 0.431, 
        0.259, 0, 0.008, 0, 0, 0.012, 0, 0.298, 1, 1, 0.733, 
        0, 0, 0, 0, 0, 0, 0, 0, 0, 0, 0, 0, 0, 0, 0, 0, 0, 0, 
        0, 0, 0, 0, 0, 0, 0, 0, 0, 0, 0, 0, 0, 0, 0,  ],
    [ 0, 0, 0, 0, 0, 0, 0, 0, 0, 0, 0, 0, 0, 0, 0, 0, 0, 0, 0, 
        0, 0, 0, 0, 0, 0, 0, 0, 0, 0, 0, 0, 0, 0.008, 0, 0.541, 
        1, 1, 0.506, 0, 0.012, 0, 0, 0, 0, 0.004, 0, 0, 0.004, 
        0.008, 0, 0, 0, 0, 0, 0, 0, 0, 0, 0.004, 0.012, 0, 0, 
        0.039, 0.392, 0.824, 1, 1, 1, 1, 0.808, 0.427, 0.6, 0.89, 
        0.894, 0.922, 0.984, 0.898, 0.557, 0.106, 0, 0, 0.012, 
        0.008, 0, 0, 0, 0, 0, 0, 0, 0, 0, 0.004, 0.012, 0, 0, 
        0, 0, 0, 0, 0, 0.008, 0, 0.184, 0.976, 1, 0.859, 0.075, 
        0, 0.004, 0, 0, 0, 0, 0, 0, 0, 0, 0, 0, 0, 0, 0, 0, 0, 
        0, 0, 0, 0, 0, 0, 0, 0, 0, 0, 0, 0, 0, 0, 0,  ],
    [ 0, 0, 0, 0, 0, 0, 0, 0, 0, 0, 0, 0, 0, 0, 0, 0, 0, 0, 0, 
        0, 0, 0, 0, 0, 0, 0, 0, 0, 0, 0, 0, 0, 0, 0, 0.698, 1, 
        1, 0.341, 0, 0.016, 0, 0, 0, 0, 0, 0.004, 0.008, 0, 0, 
        0, 0, 0, 0, 0, 0, 0, 0, 0.008, 0, 0, 0.051, 0.365, 0.8, 
        1, 1, 1, 1, 0.839, 0.408, 0.043, 0, 0, 0.204, 0.635, 
        0.945, 1, 0.965, 0.937, 0.812, 0.467, 0.098, 0, 0, 0.008, 
        0.004, 0, 0, 0, 0, 0, 0, 0, 0, 0, 0.004, 0.008, 0, 0, 
        0, 0, 0, 0.004, 0, 0.035, 0.867, 1, 0.933, 0.216, 0, 
        0.008, 0, 0, 0, 0, 0, 0, 0, 0, 0, 0, 0, 0, 0, 0, 0, 0, 
        0, 0, 0, 0, 0, 0, 0, 0, 0, 0, 0, 0, 0, 0,  ],
    [ 0, 0, 0, 0, 0, 0, 0, 0, 0, 0, 0, 0, 0, 0, 0, 0, 0, 0, 0, 
        0, 0, 0, 0, 0, 0, 0, 0, 0, 0, 0, 0, 0.004, 0, 0.02, 0.827, 
        1, 0.973, 0.259, 0, 0.012, 0, 0, 0, 0, 0, 0, 0, 0, 0, 
        0, 0, 0, 0, 0, 0, 0.012, 0.004, 0, 0.031, 0.333, 0.757, 
        1, 1, 1, 1, 0.863, 0.494, 0.082, 0, 0, 0.016, 0.008, 
        0, 0.02, 0.329, 0.702, 0.89, 0.894, 0.953, 1, 0.871, 
        0.475, 0.082, 0, 0, 0.012, 0.004, 0, 0, 0, 0, 0, 0, 0, 
        0, 0, 0, 0, 0, 0, 0, 0.004, 0, 0, 0.769, 1, 1, 0.31, 
        0, 0.012, 0, 0, 0, 0, 0, 0, 0, 0, 0, 0, 0, 0, 0, 0, 0, 
        0, 0, 0, 0, 0, 0, 0, 0, 0, 0, 0, 0, 0, 0, 0,  ],
    [ 0, 0, 0, 0, 0, 0, 0, 0, 0, 0, 0, 0, 0, 0, 0, 0, 0, 0, 0, 
        0, 0, 0, 0, 0, 0, 0, 0, 0, 0, 0, 0, 0.008, 0, 0.153, 
        0.941, 1, 0.882, 0.133, 0, 0.008, 0, 0, 0, 0, 0, 0, 0, 
        0, 0, 0, 0, 0, 0, 0.008, 0.004, 0, 0, 0.286, 0.71, 0.98, 
        1, 1, 1, 0.898, 0.518, 0.145, 0, 0, 0.012, 0.004, 0, 
        0, 0.012, 0, 0, 0.043, 0.306, 0.686, 1, 1, 1, 1, 0.843, 
        0.467, 0.067, 0, 0, 0.012, 0.004, 0, 0, 0, 0, 0, 0, 0, 
        0, 0, 0, 0, 0, 0, 0.004, 0, 0.588, 1, 1, 0.451, 0, 0.012, 
        0, 0, 0, 0, 0, 0, 0, 0, 0, 0, 0, 0, 0, 0, 0, 0, 0, 0, 
        0, 0, 0, 0, 0, 0, 0, 0, 0, 0, 0, 0,  ],
    [ 0, 0, 0, 0, 0, 0, 0, 0, 0, 0, 0, 0, 0, 0, 0, 0, 0, 0, 0, 
        0, 0, 0, 0, 0, 0, 0, 0, 0, 0, 0, 0, 0.012, 0, 0.251, 
        1, 1, 0.792, 0.008, 0, 0.004, 0, 0, 0, 0, 0, 0, 0, 0, 
        0, 0, 0, 0.008, 0.004, 0, 0, 0.227, 0.682, 0.98, 1, 1, 
        1, 0.957, 0.529, 0.149, 0, 0, 0.004, 0.004, 0, 0, 0, 
        0, 0, 0.004, 0.008, 0, 0, 0.051, 0.384, 0.824, 1, 1, 
        1, 1, 0.831, 0.384, 0.004, 0, 0, 0.012, 0.004, 0, 0, 
        0, 0, 0, 0, 0, 0, 0, 0, 0, 0.016, 0, 0.396, 1, 1, 0.651, 
        0, 0.008, 0, 0, 0, 0, 0, 0, 0, 0, 0, 0, 0, 0, 0, 0, 0, 
        0, 0, 0, 0, 0, 0, 0, 0, 0, 0, 0, 0, 0, 0, 0,  ],
    [ 0, 0, 0, 0, 0, 0, 0, 0, 0, 0, 0, 0, 0, 0, 0, 0, 0, 0, 0, 
        0, 0, 0, 0, 0, 0, 0, 0, 0, 0, 0, 0, 0.012, 0, 0.427, 
        1, 1, 0.627, 0, 0, 0, 0, 0, 0, 0, 0, 0, 0, 0, 0, 0.008, 
        0.004, 0, 0, 0.2, 0.631, 0.969, 1, 1, 1, 0.957, 0.608, 
        0.184, 0, 0, 0.008, 0.008, 0, 0, 0, 0, 0, 0, 0, 0, 0, 
        0.004, 0.008, 0, 0, 0.059, 0.42, 0.839, 1, 1, 1, 1, 0.776, 
        0.361, 0.047, 0, 0, 0.008, 0, 0, 0, 0, 0, 0, 0, 0, 0, 
        0, 0.012, 0, 0.294, 0.98, 1, 0.745, 0, 0, 0, 0, 0, 0, 
        0, 0, 0, 0, 0, 0, 0, 0, 0, 0, 0, 0, 0, 0, 0, 0, 0, 0, 
        0, 0, 0, 0, 0, 0, 0, 0,  ],
    [ 0, 0, 0, 0, 0, 0, 0, 0, 0, 0, 0, 0, 0, 0, 0, 0, 0, 0, 0, 
        0, 0, 0, 0, 0, 0, 0, 0, 0, 0, 0, 0, 0.008, 0, 0.631, 
        1, 1, 0.486, 0, 0.008, 0, 0, 0, 0, 0, 0, 0, 0, 0.004, 
        0.012, 0, 0, 0.173, 0.604, 0.925, 1, 1, 1, 0.973, 0.655, 
        0.216, 0, 0, 0.008, 0.008, 0, 0, 0, 0, 0, 0, 0, 0, 0, 
        0, 0, 0, 0, 0.004, 0.012, 0, 0, 0.075, 0.451, 0.867, 
        1, 1, 1, 0.996, 0.733, 0.337, 0.039, 0, 0.004, 0.012, 
        0, 0, 0, 0, 0, 0, 0, 0, 0.008, 0, 0.188, 0.894, 1, 0.871, 
        0.078, 0, 0.004, 0, 0, 0, 0, 0, 0, 0, 0, 0, 0, 0, 0, 
        0, 0, 0, 0, 0, 0, 0, 0, 0, 0, 0, 0, 0, 0, 0, 0, 0,  ],
    [ 0, 0, 0, 0, 0, 0, 0, 0, 0, 0, 0, 0, 0, 0, 0, 0, 0, 0, 0, 
        0, 0, 0, 0, 0, 0, 0, 0, 0, 0, 0, 0, 0.004, 0, 0.706, 
        1, 1, 0.333, 0, 0.012, 0, 0, 0, 0, 0, 0, 0.004, 0.012, 
        0, 0, 0.114, 0.541, 0.89, 1, 1, 1, 0.988, 0.678, 0.247, 
        0, 0, 0.004, 0.008, 0, 0, 0, 0, 0, 0, 0, 0, 0, 0, 0, 
        0, 0, 0, 0, 0, 0, 0.004, 0.012, 0, 0, 0.129, 0.471, 0.902, 
        1, 1, 1, 0.988, 0.714, 0.286, 0, 0, 0.004, 0.008, 0, 
        0, 0, 0, 0, 0, 0.004, 0, 0.059, 0.835, 1, 0.988, 0.216, 
        0, 0.008, 0, 0, 0, 0, 0, 0, 0, 0, 0, 0, 0, 0, 0, 0, 0, 
        0, 0, 0, 0, 0, 0, 0, 0, 0, 0, 0, 0, 0, 0,  ],
    [ 0, 0, 0, 0, 0, 0, 0, 0, 0, 0, 0, 0, 0, 0, 0, 0, 0, 0, 0, 
        0, 0, 0, 0, 0, 0, 0, 0, 0, 0, 0, 0.004, 0, 0.106, 0.824, 
        1, 0.918, 0.224, 0, 0.008, 0, 0, 0, 0, 0.004, 0.012, 
        0, 0, 0.086, 0.475, 0.902, 1, 1, 1, 0.988, 0.718, 0.255, 
        0, 0, 0.004, 0.008, 0, 0, 0, 0, 0, 0, 0, 0, 0, 0, 0, 
        0, 0, 0, 0, 0, 0, 0, 0, 0, 0, 0.008, 0.008, 0, 0, 0.114, 
        0.557, 0.945, 1, 1, 1, 0.973, 0.663, 0.231, 0, 0, 0.004, 
        0.008, 0, 0, 0, 0, 0, 0, 0, 0.714, 1, 1, 0.31, 0, 0.012, 
        0, 0, 0, 0, 0, 0, 0, 0, 0, 0, 0, 0, 0, 0, 0, 0, 0, 0, 
        0, 0, 0, 0, 0, 0, 0, 0, 0, 0, 0,  ],
    [ 0, 0, 0, 0, 0, 0, 0, 0, 0, 0, 0, 0, 0, 0, 0, 0, 0, 0, 0, 
        0, 0, 0, 0, 0, 0, 0, 0, 0, 0, 0, 0.008, 0, 0.208, 0.953, 
        1, 0.839, 0.129, 0, 0.008, 0, 0, 0.004, 0.012, 0, 0, 
        0.067, 0.439, 0.855, 1, 1, 1, 0.992, 0.753, 0.337, 0.02, 
        0, 0.004, 0.012, 0, 0, 0, 0, 0, 0, 0, 0, 0, 0, 0, 0, 
        0, 0, 0, 0, 0, 0, 0, 0, 0, 0, 0, 0, 0, 0.008, 0.012, 
        0, 0, 0.184, 0.604, 0.945, 1, 1, 1, 0.973, 0.643, 0.208, 
        0, 0, 0.008, 0.008, 0, 0, 0, 0.004, 0, 0.573, 1, 1, 0.51, 
        0, 0.008, 0, 0, 0, 0, 0, 0, 0, 0, 0, 0, 0, 0, 0, 0, 0, 
        0, 0, 0, 0, 0, 0, 0, 0, 0, 0, 0, 0, 0, 0,  ],
    [ 0, 0, 0, 0, 0, 0, 0, 0, 0, 0, 0, 0, 0, 0, 0, 0, 0, 0, 0, 
        0, 0, 0, 0, 0, 0, 0, 0, 0, 0, 0, 0.012, 0, 0.286, 1, 
        1, 0.757, 0, 0, 0.004, 0.004, 0.012, 0, 0, 0.047, 0.408, 
        0.824, 1, 1, 1, 1, 0.78, 0.365, 0.051, 0, 0, 0.012, 0, 
        0, 0, 0, 0, 0, 0, 0, 0, 0, 0, 0, 0, 0, 0, 0, 0, 0, 0, 
        0, 0, 0, 0, 0, 0, 0, 0, 0, 0, 0.008, 0.012, 0, 0, 0.212, 
        0.651, 0.973, 1, 1, 1, 0.925, 0.604, 0.173, 0, 0, 0.012, 
        0.008, 0, 0.008, 0, 0.404, 1, 1, 0.675, 0, 0.008, 0, 
        0, 0, 0, 0, 0, 0, 0, 0, 0, 0, 0, 0, 0, 0, 0, 0, 0, 0, 
        0, 0, 0, 0, 0, 0, 0, 0, 0, 0,  ],
    [ 0, 0, 0, 0, 0, 0, 0, 0, 0, 0, 0, 0, 0, 0, 0, 0, 0, 0, 0, 
        0, 0, 0, 0, 0, 0, 0, 0, 0, 0, 0, 0.004, 0, 0.443, 1, 
        1, 0.639, 0, 0.008, 0.012, 0, 0, 0, 0.373, 0.796, 0.996, 
        1, 1, 1, 0.855, 0.416, 0.067, 0, 0, 0.012, 0.004, 0, 
        0, 0, 0, 0, 0, 0, 0, 0, 0, 0, 0, 0, 0, 0, 0, 0, 0, 0, 
        0, 0, 0, 0, 0, 0, 0, 0, 0, 0, 0, 0, 0, 0.008, 0.004, 
        0, 0, 0.243, 0.686, 0.996, 1, 1, 1, 0.925, 0.573, 0.118, 
        0, 0, 0.008, 0.016, 0, 0.267, 0.984, 1, 0.769, 0.043, 
        0, 0.004, 0, 0, 0, 0, 0, 0, 0, 0, 0, 0, 0, 0, 0, 0, 0, 
        0, 0, 0, 0, 0, 0, 0, 0, 0, 0, 0, 0, 0,  ],
    [ 0, 0, 0, 0, 0, 0, 0, 0, 0, 0, 0, 0, 0, 0, 0, 0, 0, 0, 0, 
        0, 0, 0, 0, 0, 0, 0, 0, 0, 0, 0, 0.004, 0, 0.596, 1, 
        1, 0.459, 0, 0, 0, 0.035, 0.282, 0.725, 1, 1, 1, 1, 0.867, 
        0.459, 0.063, 0, 0, 0.012, 0.004, 0, 0, 0, 0, 0, 0, 0, 
        0, 0, 0, 0, 0, 0, 0, 0, 0, 0, 0, 0, 0, 0, 0, 0, 0, 0, 
        0, 0, 0, 0, 0, 0, 0, 0, 0, 0, 0, 0.008, 0.004, 0, 0, 
        0.318, 0.749, 0.973, 1, 1, 1, 0.914, 0.482, 0.086, 0, 
        0, 0, 0.192, 0.89, 1, 0.871, 0.161, 0, 0.008, 0, 0, 0, 
        0, 0, 0, 0, 0, 0, 0, 0, 0, 0, 0, 0, 0, 0, 0, 0, 0, 0, 
        0, 0, 0, 0, 0, 0, 0,  ],
    [ 0, 0, 0, 0, 0, 0, 0, 0, 0, 0, 0, 0, 0, 0, 0, 0, 0, 0, 0, 
        0, 0, 0, 0, 0, 0, 0, 0, 0, 0, 0.004, 0, 0, 0.745, 1, 
        1, 0.302, 0, 0.035, 0.314, 0.706, 0.988, 1, 1, 1, 0.871, 
        0.514, 0.133, 0, 0, 0.012, 0.004, 0, 0, 0, 0, 0, 0, 0, 
        0, 0, 0, 0, 0, 0, 0, 0, 0, 0, 0, 0, 0, 0, 0, 0, 0, 0, 
        0, 0, 0, 0, 0, 0, 0, 0, 0, 0, 0, 0, 0, 0, 0, 0.012, 0.004, 
        0, 0.027, 0.337, 0.749, 1, 1, 1, 1, 0.851, 0.478, 0.09, 
        0, 0.082, 0.804, 1, 0.973, 0.235, 0, 0.012, 0, 0, 0, 
        0, 0, 0, 0, 0, 0, 0, 0, 0, 0, 0, 0, 0, 0, 0, 0, 0, 0, 
        0, 0, 0, 0, 0, 0, 0,  ],
    [ 0, 0, 0, 0, 0, 0, 0, 0, 0, 0, 0, 0, 0, 0, 0, 0, 0, 0, 0, 
        0, 0, 0, 0, 0, 0, 0, 0, 0, 0, 0.008, 0, 0.122, 0.835, 
        1, 0.91, 0.169, 0.227, 0.702, 0.973, 1, 1, 1, 0.906, 
        0.561, 0.149, 0, 0, 0.012, 0.004, 0, 0, 0, 0, 0, 0, 0, 
        0, 0, 0, 0, 0, 0, 0, 0, 0, 0, 0, 0, 0, 0, 0, 0, 0, 0, 
        0, 0, 0, 0, 0, 0, 0, 0, 0, 0, 0, 0, 0, 0, 0, 0, 0, 0, 
        0, 0.012, 0, 0, 0.051, 0.38, 0.788, 1, 1, 1, 0.996, 0.812, 
        0.451, 0.051, 0.675, 1, 1, 0.373, 0, 0.008, 0, 0, 0, 
        0, 0, 0, 0, 0, 0, 0, 0, 0, 0, 0, 0, 0, 0, 0, 0, 0, 0, 
        0, 0, 0, 0, 0, 0, 0,  ],
    [ 0, 0, 0, 0, 0, 0, 0, 0, 0, 0, 0, 0, 0, 0, 0, 0, 0, 0, 0, 
        0, 0, 0, 0, 0, 0, 0, 0, 0, 0, 0.008, 0, 0.212, 0.918, 
        1, 0.918, 0.725, 0.941, 1, 1, 1, 0.976, 0.573, 0.157, 
        0, 0, 0.004, 0.008, 0, 0, 0, 0, 0, 0, 0, 0, 0, 0, 0, 
        0, 0, 0, 0, 0, 0, 0, 0, 0, 0, 0, 0, 0, 0, 0, 0, 0, 0, 
        0, 0, 0, 0, 0, 0, 0, 0, 0, 0, 0, 0, 0, 0, 0, 0, 0, 0, 
        0.004, 0.012, 0, 0, 0.059, 0.408, 0.851, 1, 1, 1, 1, 
        0.784, 0.812, 1, 1, 0.518, 0, 0.004, 0, 0, 0, 0, 0, 0, 
        0, 0, 0, 0, 0, 0, 0, 0, 0, 0, 0, 0, 0, 0, 0, 0, 0, 0, 
        0, 0, 0, 0,  ],
    [ 0, 0, 0, 0, 0, 0, 0, 0, 0, 0, 0, 0, 0, 0, 0, 0, 0, 0, 0, 
        0, 0, 0, 0, 0, 0, 0, 0, 0, 0, 0.012, 0, 0.31, 1, 0.996, 
        1, 1, 1, 1, 0.969, 0.651, 0.208, 0, 0, 0.004, 0.008, 
        0, 0, 0, 0, 0, 0, 0, 0, 0, 0, 0, 0, 0, 0, 0, 0, 0, 0, 
        0, 0, 0, 0, 0, 0, 0, 0, 0, 0, 0, 0, 0, 0, 0, 0, 0, 0, 
        0, 0, 0, 0, 0, 0, 0, 0, 0, 0, 0, 0, 0, 0, 0, 0.004, 0.012, 
        0, 0, 0.067, 0.443, 0.859, 1, 1, 1, 1, 0.988, 1, 0.667, 
        0, 0.004, 0, 0, 0, 0, 0, 0, 0, 0, 0, 0, 0, 0, 0, 0, 0, 
        0, 0, 0, 0, 0, 0, 0, 0, 0, 0, 0, 0, 0,  ],
    [ 0, 0, 0, 0, 0, 0, 0, 0, 0, 0, 0, 0, 0, 0, 0, 0, 0, 0, 0, 
        0, 0, 0, 0, 0, 0, 0, 0, 0, 0, 0.008, 0, 0.475, 1, 0.984, 
        0.996, 1, 0.98, 0.667, 0.247, 0.016, 0, 0.012, 0.008, 
        0, 0, 0, 0, 0, 0, 0, 0, 0, 0, 0, 0, 0, 0, 0, 0, 0, 0, 
        0, 0, 0, 0, 0, 0, 0, 0, 0, 0, 0, 0, 0, 0, 0, 0, 0, 0, 
        0, 0, 0, 0, 0, 0, 0, 0, 0, 0, 0, 0, 0, 0, 0, 0, 0, 0, 
        0, 0.004, 0.012, 0, 0, 0.133, 0.514, 0.878, 1, 1, 0.98, 
        1, 0.8, 0.051, 0, 0.004, 0, 0, 0, 0, 0, 0, 0, 0, 0, 0, 
        0, 0, 0, 0, 0, 0, 0, 0, 0, 0, 0, 0, 0, 0, 0, 0, 0,  ],
    [ 0, 0, 0, 0, 0, 0, 0, 0, 0, 0, 0, 0, 0, 0, 0, 0, 0, 0, 0, 
        0, 0, 0, 0, 0, 0, 0, 0, 0, 0, 0.004, 0, 0.545, 1, 1, 
        1, 0.714, 0.263, 0, 0, 0, 0.012, 0, 0, 0, 0, 0, 0, 0, 
        0, 0, 0, 0, 0, 0, 0, 0, 0, 0, 0, 0, 0, 0, 0, 0, 0, 0, 
        0, 0, 0, 0, 0, 0, 0, 0, 0, 0, 0, 0, 0, 0, 0, 0, 0, 0, 
        0, 0, 0, 0, 0, 0, 0, 0, 0, 0, 0, 0, 0, 0, 0, 0, 0.004, 
        0.012, 0, 0, 0.161, 0.541, 0.937, 1, 1, 0.859, 0.118, 
        0, 0.008, 0, 0, 0, 0, 0, 0, 0, 0, 0, 0, 0, 0, 0, 0, 0, 
        0, 0, 0, 0, 0, 0, 0, 0, 0, 0, 0, 0,  ],
    [ 0, 0, 0, 0, 0, 0, 0, 0, 0, 0, 0, 0, 0, 0, 0, 0, 0, 0, 0, 
        0, 0, 0, 0, 0, 0, 0, 0, 0, 0, 0.004, 0, 0.247, 0.741, 
        0.718, 0.294, 0, 0, 0, 0.012, 0.004, 0, 0, 0, 0, 0, 0, 
        0, 0, 0, 0, 0, 0, 0, 0, 0, 0, 0, 0, 0, 0, 0, 0, 0, 0, 
        0, 0, 0, 0, 0, 0, 0, 0, 0, 0, 0, 0, 0, 0, 0, 0, 0, 0, 
        0, 0, 0, 0, 0, 0, 0, 0, 0, 0, 0, 0, 0, 0, 0, 0, 0, 0, 
        0, 0, 0.008, 0.004, 0, 0, 0.184, 0.6, 0.8, 0.467, 0, 
        0, 0, 0, 0, 0, 0, 0, 0, 0, 0, 0, 0, 0, 0, 0, 0, 0, 0, 
        0, 0, 0, 0, 0, 0, 0, 0, 0, 0, 0,  ],
    [ 0, 0, 0, 0, 0, 0, 0, 0, 0, 0, 0, 0, 0, 0, 0, 0, 0, 0, 0, 
        0, 0, 0, 0, 0, 0, 0, 0, 0, 0, 0, 0, 0, 0, 0, 0, 0, 0.012, 
        0, 0, 0, 0, 0, 0, 0, 0, 0, 0, 0, 0, 0, 0, 0, 0, 0, 0, 
        0, 0, 0, 0, 0, 0, 0, 0, 0, 0, 0, 0, 0, 0, 0, 0, 0, 0, 
        0, 0, 0, 0, 0, 0, 0, 0, 0, 0, 0, 0, 0, 0, 0, 0, 0, 0, 
        0, 0, 0, 0, 0, 0, 0, 0, 0, 0, 0, 0, 0, 0.008, 0.004, 
        0, 0, 0, 0, 0, 0, 0, 0, 0, 0, 0, 0, 0, 0, 0, 0, 0, 0, 
        0, 0, 0, 0, 0, 0, 0, 0, 0, 0, 0, 0, 0, 0, 0, 0,  ],
    [ 0, 0, 0, 0, 0, 0, 0, 0, 0, 0, 0, 0, 0, 0, 0, 0, 0, 0, 0, 
        0, 0, 0, 0, 0, 0, 0, 0, 0, 0, 0, 0, 0.004, 0, 0, 0.012, 
        0.004, 0, 0, 0, 0, 0, 0, 0, 0, 0, 0, 0, 0, 0, 0, 0, 0, 
        0, 0, 0, 0, 0, 0, 0, 0, 0, 0, 0, 0, 0, 0, 0, 0, 0, 0, 
        0, 0, 0, 0, 0, 0, 0, 0, 0, 0, 0, 0, 0, 0, 0, 0, 0, 0, 
        0, 0, 0, 0, 0, 0, 0, 0, 0, 0, 0, 0, 0, 0, 0, 0, 0, 0, 
        0.008, 0.004, 0, 0, 0, 0, 0, 0, 0, 0, 0, 0, 0, 0, 0, 
        0, 0, 0, 0, 0, 0, 0, 0, 0, 0, 0, 0, 0, 0, 0, 0, 0, 0, 
        0,  ],
    [ 0, 0, 0, 0, 0, 0, 0, 0, 0, 0, 0, 0, 0, 0, 0, 0, 0, 0, 0, 
        0, 0, 0, 0, 0, 0, 0, 0, 0, 0, 0, 0, 0, 0.004, 0, 0, 0, 
        0, 0, 0, 0, 0, 0, 0, 0, 0, 0, 0, 0, 0, 0, 0, 0, 0, 0, 
        0, 0, 0, 0, 0, 0, 0, 0, 0, 0, 0, 0, 0, 0, 0, 0, 0, 0, 
        0, 0, 0, 0, 0, 0, 0, 0, 0, 0, 0, 0, 0, 0, 0, 0, 0, 0, 
        0, 0, 0, 0, 0, 0, 0, 0, 0, 0, 0, 0, 0, 0, 0, 0, 0, 0, 
        0.004, 0, 0, 0, 0, 0, 0, 0, 0, 0, 0, 0, 0, 0, 0, 0, 0, 
        0, 0, 0, 0, 0, 0, 0, 0, 0, 0, 0, 0, 0, 0, 0,  ],
    [ 0, 0, 0, 0, 0, 0, 0, 0, 0, 0, 0, 0, 0, 0, 0, 0, 0, 0, 0, 
        0, 0, 0, 0, 0, 0, 0, 0, 0, 0, 0, 0, 0, 0, 0, 0, 0, 0, 
        0, 0, 0, 0, 0, 0, 0, 0, 0, 0, 0, 0, 0, 0, 0, 0, 0, 0, 
        0, 0, 0, 0, 0, 0, 0, 0, 0, 0, 0, 0, 0, 0, 0, 0, 0, 0, 
        0, 0, 0, 0, 0, 0, 0, 0, 0, 0, 0, 0, 0, 0, 0, 0, 0, 0, 
        0, 0, 0, 0, 0, 0, 0, 0, 0, 0, 0, 0, 0, 0, 0, 0, 0, 0, 
        0, 0, 0, 0, 0, 0, 0, 0, 0, 0, 0, 0, 0, 0, 0, 0, 0, 0, 
        0, 0, 0, 0, 0, 0, 0, 0, 0, 0, 0, 0, 0,  ],
    [ 0, 0, 0, 0, 0, 0, 0, 0, 0, 0, 0, 0, 0, 0, 0, 0, 0, 0, 0, 
        0, 0, 0, 0, 0, 0, 0, 0, 0, 0, 0, 0, 0, 0, 0, 0, 0, 0, 
        0, 0, 0, 0, 0, 0, 0, 0, 0, 0, 0, 0, 0, 0, 0, 0, 0, 0, 
        0, 0, 0, 0, 0, 0, 0, 0, 0, 0, 0, 0, 0, 0, 0, 0, 0, 0, 
        0, 0, 0, 0, 0, 0, 0, 0, 0, 0, 0, 0, 0, 0, 0, 0, 0, 0, 
        0, 0, 0, 0, 0, 0, 0, 0, 0, 0, 0, 0, 0, 0, 0, 0, 0, 0, 
        0, 0, 0, 0, 0, 0, 0, 0, 0, 0, 0, 0, 0, 0, 0, 0, 0, 0, 
        0, 0, 0, 0, 0, 0, 0, 0, 0, 0, 0, 0, 0,  ],
    [ 0, 0, 0, 0, 0, 0, 0, 0, 0, 0, 0, 0, 0, 0, 0, 0, 0, 0, 0, 
        0, 0, 0, 0, 0, 0, 0, 0, 0, 0, 0, 0, 0, 0, 0, 0, 0, 0, 
        0, 0, 0, 0, 0, 0, 0, 0, 0, 0, 0, 0, 0, 0, 0, 0, 0, 0, 
        0, 0, 0, 0, 0, 0, 0, 0, 0, 0, 0, 0, 0, 0, 0, 0, 0, 0, 
        0, 0, 0, 0, 0, 0, 0, 0, 0, 0, 0, 0, 0, 0, 0, 0, 0, 0, 
        0, 0, 0, 0, 0, 0, 0, 0, 0, 0, 0, 0, 0, 0, 0, 0, 0, 0, 
        0, 0, 0, 0, 0, 0, 0, 0, 0, 0, 0, 0, 0, 0, 0, 0, 0, 0, 
        0, 0, 0, 0, 0, 0, 0, 0, 0, 0, 0, 0, 0,  ],
    [ 0, 0, 0, 0, 0, 0, 0, 0, 0, 0, 0, 0, 0, 0, 0, 0, 0, 0, 0, 
        0, 0, 0, 0, 0, 0, 0, 0, 0, 0, 0, 0, 0, 0, 0, 0, 0, 0, 
        0, 0, 0, 0, 0, 0, 0, 0, 0, 0, 0, 0, 0, 0, 0, 0, 0, 0, 
        0, 0, 0, 0, 0, 0, 0, 0, 0, 0, 0, 0, 0, 0, 0, 0, 0, 0, 
        0, 0, 0, 0, 0, 0, 0, 0, 0, 0, 0, 0, 0, 0, 0, 0, 0, 0, 
        0, 0, 0, 0, 0, 0, 0, 0, 0, 0, 0, 0, 0, 0, 0, 0, 0, 0, 
        0, 0, 0, 0, 0, 0, 0, 0, 0, 0, 0, 0, 0, 0, 0, 0, 0, 0, 
        0, 0, 0, 0, 0, 0, 0, 0, 0, 0, 0, 0, 0,  ],
    [ 0, 0, 0, 0, 0, 0, 0, 0, 0, 0, 0, 0, 0, 0, 0, 0, 0, 0, 0, 
        0, 0, 0, 0, 0, 0, 0, 0, 0, 0, 0, 0, 0, 0, 0, 0, 0, 0, 
        0, 0, 0, 0, 0, 0, 0, 0, 0, 0, 0, 0, 0, 0, 0, 0, 0, 0, 
        0, 0, 0, 0, 0, 0, 0, 0, 0, 0, 0, 0, 0, 0, 0, 0, 0, 0, 
        0, 0, 0, 0, 0, 0, 0, 0, 0, 0, 0, 0, 0, 0, 0, 0, 0, 0, 
        0, 0, 0, 0, 0, 0, 0, 0, 0, 0, 0, 0, 0, 0, 0, 0, 0, 0, 
        0, 0, 0, 0, 0, 0, 0, 0, 0, 0, 0, 0, 0, 0, 0, 0, 0, 0, 
        0, 0, 0, 0, 0, 0, 0, 0, 0, 0, 0, 0, 0,  ],
    [ 0, 0, 0, 0, 0, 0, 0, 0, 0, 0, 0, 0, 0, 0, 0, 0, 0, 0, 0, 
        0, 0, 0, 0, 0, 0, 0, 0, 0, 0, 0, 0, 0, 0, 0, 0, 0, 0, 
        0, 0, 0, 0, 0, 0, 0, 0, 0, 0, 0, 0, 0, 0, 0, 0, 0, 0, 
        0, 0, 0, 0, 0, 0, 0, 0, 0, 0, 0, 0, 0, 0, 0, 0, 0, 0, 
        0, 0, 0, 0, 0, 0, 0, 0, 0, 0, 0, 0, 0, 0, 0, 0, 0, 0, 
        0, 0, 0, 0, 0, 0, 0, 0, 0, 0, 0, 0, 0, 0, 0, 0, 0, 0, 
        0, 0, 0, 0, 0, 0, 0, 0, 0, 0, 0, 0, 0, 0, 0, 0, 0, 0, 
        0, 0, 0, 0, 0, 0, 0, 0, 0, 0, 0, 0, 0,  ],
    [ 0, 0, 0, 0, 0, 0, 0, 0, 0, 0, 0, 0, 0, 0, 0, 0, 0, 0, 0, 
        0, 0, 0, 0, 0, 0, 0, 0, 0, 0, 0, 0, 0, 0, 0, 0, 0, 0, 
        0, 0, 0, 0, 0, 0, 0, 0, 0, 0, 0, 0, 0, 0, 0, 0, 0, 0, 
        0, 0, 0, 0, 0, 0, 0, 0, 0, 0, 0, 0, 0, 0, 0, 0, 0, 0, 
        0, 0, 0, 0, 0, 0, 0, 0, 0, 0, 0, 0, 0, 0, 0, 0, 0, 0, 
        0, 0, 0, 0, 0, 0, 0, 0, 0, 0, 0, 0, 0, 0, 0, 0, 0, 0, 
        0, 0, 0, 0, 0, 0, 0, 0, 0, 0, 0, 0, 0, 0, 0, 0, 0, 0, 
        0, 0, 0, 0, 0, 0, 0, 0, 0, 0, 0, 0, 0,  ],
    [ 0, 0, 0, 0, 0, 0, 0, 0, 0, 0, 0, 0, 0, 0, 0, 0, 0, 0, 0, 
        0, 0, 0, 0, 0, 0, 0, 0, 0, 0, 0, 0, 0, 0, 0, 0, 0, 0, 
        0, 0, 0, 0, 0, 0, 0, 0, 0, 0, 0, 0, 0, 0, 0, 0, 0, 0, 
        0, 0, 0, 0, 0, 0, 0, 0, 0, 0, 0, 0, 0, 0, 0, 0, 0, 0, 
        0, 0, 0, 0, 0, 0, 0, 0, 0, 0, 0, 0, 0, 0, 0, 0, 0, 0, 
        0, 0, 0, 0, 0, 0, 0, 0, 0, 0, 0, 0, 0, 0, 0, 0, 0, 0, 
        0, 0, 0, 0, 0, 0, 0, 0, 0, 0, 0, 0, 0, 0, 0, 0, 0, 0, 
        0, 0, 0, 0, 0, 0, 0, 0, 0, 0, 0, 0, 0,  ],
    [ 0, 0, 0, 0, 0, 0, 0, 0, 0, 0, 0, 0, 0, 0, 0, 0, 0, 0, 0, 
        0, 0, 0, 0, 0, 0, 0, 0, 0, 0, 0, 0, 0, 0, 0, 0, 0, 0, 
        0, 0, 0, 0, 0, 0, 0, 0, 0, 0, 0, 0, 0, 0, 0, 0, 0, 0, 
        0, 0, 0, 0, 0, 0, 0, 0, 0, 0, 0, 0, 0, 0, 0, 0, 0, 0, 
        0, 0, 0, 0, 0, 0, 0, 0, 0, 0, 0, 0, 0, 0, 0, 0, 0, 0, 
        0, 0, 0, 0, 0, 0, 0, 0, 0, 0, 0, 0, 0, 0, 0, 0, 0, 0, 
        0, 0, 0, 0, 0, 0, 0, 0, 0, 0, 0, 0, 0, 0, 0, 0, 0, 0, 
        0, 0, 0, 0, 0, 0, 0, 0, 0, 0, 0, 0, 0,  ],
];

