// Image thumbnail.png (96x96)
// Original luminances: min=37, max=252
// Texture heights: min=0.0, max=1.0
thumbnail = [
    [ 1, 1, 1, 1, 1, 1, 1, 1, 1, 1, 1, 1, 1, 1, 1, 1, 1, 1, 1, 
        1, 1, 1, 1, 1, 1, 1, 1, 1, 1, 1, 1, 1, 1, 1, 1, 1, 1, 
        1, 1, 1, 1, 1, 1, 1, 1, 1, 1, 1, 1, 1, 1, 1, 1, 1, 1, 
        1, 1, 1, 1, 1, 1, 1, 1, 1, 1, 1, 1, 1, 1, 1, 1, 1, 1, 
        1, 1, 1, 1, 1, 1, 1, 1, 1, 1, 1, 1, 1, 1, 1, 1, 1, 1, 
        1, 1, 1, 1, 1,  ],
    [ 1, 1, 1, 1, 1, 1, 1, 1, 1, 1, 1, 1, 1, 1, 1, 1, 1, 1, 1, 
        1, 1, 1, 1, 1, 1, 1, 1, 1, 1, 1, 1, 1, 1, 1, 1, 1, 1, 
        1, 1, 1, 1, 1, 1, 1, 1, 1, 1, 1, 1, 1, 1, 1, 1, 1, 1, 
        1, 1, 1, 1, 1, 1, 1, 1, 1, 1, 1, 1, 1, 1, 1, 1, 1, 1, 
        1, 1, 1, 1, 1, 1, 1, 1, 1, 1, 1, 1, 1, 1, 1, 1, 1, 1, 
        1, 1, 1, 1, 1,  ],
    [ 1, 1, 1, 1, 1, 1, 1, 1, 1, 1, 1, 1, 1, 1, 1, 1, 1, 1, 1, 
        1, 1, 1, 1, 1, 1, 1, 1, 1, 1, 1, 1, 1, 1, 1, 1, 1, 1, 
        1, 1, 1, 1, 1, 1, 1, 1, 1, 1, 1, 1, 1, 1, 1, 1, 1, 1, 
        1, 1, 1, 1, 1, 1, 1, 1, 1, 1, 1, 1, 1, 1, 1, 1, 1, 1, 
        1, 1, 1, 1, 1, 1, 1, 1, 1, 1, 1, 1, 1, 1, 1, 1, 1, 1, 
        1, 1, 1, 1, 1,  ],
    [ 1, 1, 1, 1, 1, 1, 1, 1, 1, 1, 1, 1, 1, 1, 1, 1, 1, 1, 1, 
        1, 1, 1, 1, 1, 1, 1, 1, 1, 1, 1, 1, 1, 1, 1, 1, 1, 1, 
        1, 1, 1, 1, 1, 1, 1, 1, 1, 1, 1, 1, 1, 1, 1, 1, 1, 1, 
        1, 1, 1, 1, 1, 1, 1, 1, 1, 1, 1, 1, 1, 1, 1, 1, 1, 1, 
        1, 1, 1, 1, 1, 1, 1, 1, 1, 1, 1, 1, 1, 1, 1, 1, 1, 1, 
        1, 1, 1, 1, 1,  ],
    [ 1, 1, 1, 1, 1, 1, 1, 1, 1, 1, 1, 1, 1, 1, 1, 1, 1, 1, 1, 
        1, 1, 1, 1, 1, 1, 1, 1, 1, 1, 1, 1, 1, 1, 1, 1, 1, 1, 
        1, 1, 1, 1, 1, 1, 1, 1, 1, 1, 1, 1, 1, 1, 1, 1, 1, 1, 
        1, 1, 1, 1, 1, 1, 1, 1, 1, 1, 1, 1, 1, 1, 1, 1, 1, 1, 
        1, 1, 1, 1, 1, 1, 1, 1, 1, 1, 1, 1, 1, 1, 1, 1, 1, 1, 
        1, 1, 1, 1, 1,  ],
    [ 1, 1, 1, 1, 1, 1, 1, 1, 1, 1, 1, 1, 1, 1, 1, 1, 1, 1, 1, 
        1, 1, 1, 1, 1, 1, 1, 1, 1, 1, 1, 1, 1, 1, 1, 1, 1, 1, 
        1, 1, 1, 1, 1, 1, 1, 1, 1, 1, 1, 1, 1, 1, 1, 1, 1, 1, 
        1, 1, 1, 1, 1, 1, 1, 1, 1, 1, 1, 1, 1, 1, 1, 1, 1, 1, 
        1, 1, 1, 1, 1, 1, 1, 1, 1, 1, 1, 1, 1, 1, 1, 1, 1, 1, 
        1, 1, 1, 1, 1,  ],
    [ 1, 1, 1, 1, 1, 1, 1, 1, 1, 1, 1, 1, 1, 1, 1, 1, 1, 1, 1, 
        1, 1, 1, 1, 1, 1, 1, 1, 1, 1, 1, 1, 1, 1, 1, 1, 1, 1, 
        1, 1, 1, 1, 1, 1, 1, 1, 1, 1, 1, 1, 1, 1, 1, 1, 1, 1, 
        1, 1, 1, 1, 1, 1, 1, 1, 1, 1, 1, 1, 1, 1, 1, 1, 1, 1, 
        1, 1, 1, 1, 1, 1, 1, 1, 1, 1, 1, 1, 1, 1, 1, 1, 1, 1, 
        1, 1, 1, 1, 1,  ],
    [ 1, 1, 1, 1, 1, 1, 1, 1, 1, 1, 1, 1, 1, 1, 1, 1, 1, 1, 1, 
        1, 1, 1, 1, 1, 1, 1, 1, 1, 1, 1, 1, 1, 1, 1, 1, 1, 1, 
        1, 1, 1, 1, 1, 1, 1, 1, 1, 1, 1, 1, 1, 1, 1, 1, 1, 1, 
        1, 1, 1, 1, 1, 1, 1, 1, 1, 1, 1, 1, 1, 1, 1, 1, 1, 1, 
        1, 1, 1, 1, 1, 1, 1, 1, 1, 1, 1, 1, 1, 1, 1, 1, 1, 1, 
        1, 1, 1, 1, 1,  ],
    [ 1, 1, 1, 1, 1, 1, 1, 1, 1, 1, 1, 1, 1, 1, 1, 1, 1, 1, 1, 
        1, 1, 1, 1, 1, 1, 1, 1, 1, 1, 1, 1, 1, 1, 1, 1, 1, 1, 
        1, 1, 1, 1, 1, 1, 1, 1, 1, 1, 1, 1, 1, 1, 1, 1, 1, 1, 
        1, 1, 1, 1, 1, 1, 1, 1, 1, 1, 1, 1, 1, 1, 1, 1, 1, 1, 
        1, 1, 1, 1, 1, 1, 1, 1, 1, 1, 1, 1, 1, 1, 1, 1, 1, 1, 
        1, 1, 1, 1, 1,  ],
    [ 1, 1, 1, 1, 1, 1, 1, 1, 1, 1, 1, 1, 1, 1, 1, 1, 1, 1, 1, 
        1, 1, 1, 1, 1, 1, 1, 1, 1, 1, 1, 1, 1, 1, 1, 1, 1, 1, 
        1, 1, 1, 1, 1, 1, 1, 1, 1, 1, 1, 1, 1, 1, 1, 1, 1, 1, 
        1, 1, 1, 1, 1, 1, 1, 1, 1, 1, 1, 1, 1, 1, 1, 1, 1, 1, 
        1, 1, 1, 1, 1, 1, 1, 1, 1, 1, 1, 1, 1, 1, 1, 1, 1, 1, 
        1, 1, 1, 1, 1,  ],
    [ 1, 1, 1, 1, 1, 1, 1, 1, 1, 1, 1, 1, 1, 1, 1, 1, 1, 1, 1, 
        1, 1, 1, 1, 1, 1, 1, 1, 1, 1, 1, 1, 1, 1, 1, 1, 1, 1, 
        1, 1, 1, 1, 1, 1, 1, 1, 1, 1, 1, 1, 1, 1, 1, 1, 1, 1, 
        1, 1, 1, 1, 1, 1, 1, 1, 1, 1, 1, 1, 1, 1, 1, 1, 1, 1, 
        1, 1, 1, 1, 1, 1, 1, 1, 1, 1, 1, 1, 1, 1, 1, 1, 1, 1, 
        1, 1, 1, 1, 1,  ],
    [ 1, 1, 1, 1, 1, 1, 1, 1, 1, 1, 1, 1, 1, 1, 1, 1, 1, 1, 1, 
        1, 1, 1, 1, 1, 1, 1, 1, 1, 1, 1, 1, 1, 1, 1, 1, 1, 1, 
        1, 1, 1, 1, 1, 1, 1, 1, 1, 1, 1, 1, 1, 1, 1, 1, 1, 1, 
        1, 1, 1, 1, 1, 1, 1, 1, 1, 1, 1, 1, 1, 1, 1, 1, 1, 1, 
        1, 1, 1, 1, 1, 1, 1, 1, 1, 1, 1, 1, 1, 1, 1, 1, 1, 1, 
        1, 1, 1, 1, 1,  ],
    [ 1, 1, 1, 1, 1, 1, 1, 1, 1, 1, 1, 1, 1, 1, 1, 1, 1, 1, 1, 
        1, 1, 1, 1, 1, 1, 1, 1, 1, 1, 1, 1, 1, 1, 1, 1, 1, 1, 
        1, 1, 1, 1, 1, 1, 1, 1, 1, 1, 1, 1, 1, 1, 1, 1, 1, 1, 
        1, 1, 1, 1, 1, 1, 1, 1, 1, 1, 1, 1, 1, 1, 1, 1, 1, 1, 
        1, 1, 1, 1, 1, 1, 1, 1, 1, 1, 1, 1, 1, 1, 1, 1, 1, 1, 
        1, 1, 1, 1, 1,  ],
    [ 1, 1, 1, 1, 1, 1, 1, 1, 1, 1, 1, 1, 1, 1, 1, 1, 1, 1, 1, 
        1, 1, 1, 1, 1, 1, 1, 1, 1, 1, 1, 1, 1, 1, 1, 1, 1, 1, 
        1, 1, 1, 1, 1, 1, 1, 1, 1, 1, 1, 1, 1, 1, 1, 1, 1, 1, 
        1, 1, 1, 1, 1, 1, 1, 1, 1, 1, 1, 1, 1, 1, 1, 1, 1, 1, 
        1, 1, 1, 1, 1, 1, 1, 1, 1, 1, 1, 1, 1, 1, 1, 1, 1, 1, 
        1, 1, 1, 1, 1,  ],
    [ 1, 1, 1, 1, 1, 1, 1, 1, 1, 1, 1, 1, 1, 1, 1, 1, 1, 1, 1, 
        1, 1, 1, 1, 1, 1, 1, 1, 1, 1, 1, 1, 1, 1, 1, 1, 1, 1, 
        1, 1, 1, 1, 1, 1, 1, 1, 1, 1, 1, 1, 1, 1, 1, 1, 1, 1, 
        1, 1, 1, 1, 1, 1, 1, 1, 1, 1, 1, 1, 1, 1, 1, 1, 1, 1, 
        1, 1, 1, 1, 1, 1, 1, 1, 1, 1, 1, 1, 1, 1, 1, 1, 1, 1, 
        1, 1, 1, 1, 1,  ],
    [ 1, 1, 1, 1, 1, 1, 1, 1, 1, 1, 1, 1, 1, 1, 1, 1, 1, 1, 1, 
        1, 1, 1, 1, 1, 1, 1, 1, 1, 1, 1, 1, 1, 1, 1, 1, 1, 1, 
        1, 1, 1, 1, 1, 1, 1, 1, 1, 1, 1, 1, 1, 1, 1, 1, 1, 1, 
        1, 1, 1, 1, 1, 1, 1, 1, 1, 1, 1, 1, 1, 1, 1, 1, 1, 1, 
        1, 1, 1, 1, 1, 1, 1, 1, 1, 1, 1, 1, 1, 1, 1, 1, 1, 1, 
        1, 1, 1, 1, 1,  ],
    [ 1, 1, 1, 1, 1, 1, 1, 1, 1, 1, 1, 1, 1, 1, 1, 1, 1, 1, 1, 
        1, 1, 1, 1, 1, 1, 1, 1, 1, 1, 1, 1, 1, 1, 1, 1, 1, 1, 
        1, 1, 1, 1, 1, 1, 1, 1, 1, 1, 1, 1, 1, 1, 1, 1, 1, 1, 
        1, 1, 1, 1, 1, 1, 1, 1, 1, 1, 1, 1, 1, 1, 1, 1, 1, 1, 
        1, 1, 1, 1, 1, 1, 1, 1, 1, 1, 1, 1, 1, 1, 1, 1, 1, 1, 
        1, 1, 1, 1, 1,  ],
    [ 1, 1, 1, 1, 1, 1, 1, 1, 1, 1, 1, 1, 1, 1, 1, 1, 1, 1, 1, 
        1, 1, 1, 1, 1, 1, 1, 1, 1, 1, 1, 1, 1, 1, 1, 1, 1, 1, 
        1, 1, 1, 1, 1, 1, 1, 1, 1, 1, 1, 1, 1, 1, 1, 1, 1, 1, 
        1, 1, 1, 1, 1, 1, 1, 1, 1, 1, 1, 1, 1, 1, 1, 1, 1, 1, 
        1, 1, 1, 1, 1, 1, 1, 1, 1, 1, 1, 1, 1, 1, 1, 1, 1, 1, 
        1, 1, 1, 1, 1,  ],
    [ 1, 1, 1, 1, 1, 1, 1, 1, 1, 1, 1, 1, 1, 1, 1, 1, 1, 1, 1, 
        1, 1, 1, 1, 1, 1, 1, 1, 1, 1, 1, 1, 1, 1, 1, 1, 1, 1, 
        1, 1, 1, 1, 1, 1, 1, 1, 1, 1, 1, 1, 1, 1, 1, 1, 1, 1, 
        1, 1, 1, 1, 1, 1, 1, 1, 1, 1, 1, 1, 1, 1, 1, 1, 1, 1, 
        1, 1, 1, 1, 1, 1, 1, 1, 1, 1, 1, 1, 1, 1, 1, 1, 1, 1, 
        1, 1, 1, 1, 1,  ],
    [ 1, 1, 1, 1, 1, 1, 1, 1, 1, 1, 1, 1, 1, 1, 1, 1, 1, 1, 1, 
        1, 1, 1, 1, 1, 1, 1, 1, 1, 1, 1, 1, 1, 1, 1, 1, 1, 1, 
        1, 1, 1, 1, 1, 1, 1, 1, 1, 1, 1, 1, 1, 1, 1, 1, 1, 1, 
        1, 1, 1, 1, 1, 1, 1, 1, 1, 1, 1, 1, 1, 1, 1, 1, 1, 1, 
        1, 1, 1, 1, 1, 1, 1, 1, 1, 1, 1, 1, 1, 1, 1, 1, 1, 1, 
        1, 1, 1, 1, 1,  ],
    [ 1, 1, 1, 1, 1, 1, 1, 1, 1, 1, 1, 1, 1, 1, 1, 1, 1, 1, 0.995, 
        0.995, 0.995, 0.995, 1, 1, 1, 1, 1, 1, 1, 1, 1, 1, 1, 
        1, 1, 1, 1, 1, 1, 1, 1, 1, 1, 1, 1, 1, 1, 1, 1, 1, 1, 
        1, 1, 1, 1, 1, 1, 1, 1, 1, 1, 1, 1, 1, 1, 1, 1, 1, 1, 
        1, 1, 0.977, 0.926, 0.93, 0.94, 0.944, 0.944, 0.944, 
        0.944, 0.944, 0.944, 0.944, 0.944, 0.953, 0.963, 0.963, 
        0.972, 1, 1, 1, 1, 1, 1, 1, 1, 1,  ],
    [ 1, 1, 1, 1, 1, 1, 1, 1, 1, 1, 1, 1, 1, 1, 1, 1, 1, 1, 0.856, 
        0.74, 0.735, 0.758, 0.865, 0.995, 1, 1, 1, 1, 1, 1, 1, 
        1, 1, 1, 1, 1, 1, 1, 1, 1, 1, 1, 1, 1, 1, 1, 1, 1, 1, 
        1, 1, 1, 1, 1, 1, 1, 1, 1, 1, 1, 1, 1, 1, 1, 1, 1, 1, 
        1, 1, 1, 0.953, 0.73, 0.595, 0.595, 0.605, 0.605, 0.605, 
        0.605, 0.605, 0.605, 0.605, 0.605, 0.605, 0.623, 0.633, 
        0.633, 0.726, 0.981, 1, 1, 1, 1, 1, 1, 1, 1,  ],
    [ 1, 1, 1, 1, 1, 1, 1, 1, 1, 1, 1, 1, 1, 1, 1, 1, 1, 0.995, 
        0.73, 0.758, 0.879, 0.795, 0.721, 0.986, 1, 1, 1, 1, 
        1, 1, 1, 0.986, 0.926, 0.842, 0.758, 0.749, 0.795, 0.884, 
        0.972, 1, 1, 1, 1, 1, 1, 1, 1, 1, 1, 1, 1, 1, 1, 1, 1, 
        1, 1, 1, 1, 1, 1, 1, 1, 1, 1, 1, 1, 1, 1, 0.926, 0.684, 
        0.549, 0.54, 0.54, 0.54, 0.54, 0.54, 0.54, 0.54, 0.54, 
        0.54, 0.54, 0.54, 0.54, 0.54, 0.54, 0.623, 0.963, 1, 
        1, 1, 1, 1, 1, 1, 1,  ],
    [ 1, 1, 1, 1, 1, 1, 1, 1, 1, 1, 1, 1, 1, 1, 1, 1, 1, 0.986, 
        0.67, 0.674, 0.833, 0.716, 0.651, 0.972, 1, 1, 1, 1, 
        1, 0.991, 0.888, 0.651, 0.442, 0.321, 0.233, 0.186, 0.172, 
        0.214, 0.405, 0.744, 0.967, 1, 1, 1, 1, 1, 1, 1, 1, 1, 
        1, 1, 1, 1, 1, 1, 1, 1, 1, 1, 1, 1, 1, 1, 1, 1, 1, 0.995, 
        0.893, 0.647, 0.544, 0.54, 0.498, 0.353, 0.316, 0.316, 
        0.326, 0.358, 0.363, 0.363, 0.363, 0.363, 0.363, 0.4, 
        0.53, 0.54, 0.595, 0.935, 1, 1, 1, 1, 1, 1, 1, 1,  ],
    [ 1, 1, 1, 1, 1, 1, 1, 1, 1, 1, 1, 1, 1, 1, 1, 1, 1, 0.981, 
        0.684, 0.526, 0.563, 0.544, 0.637, 0.972, 1, 1, 1, 1, 
        0.953, 0.758, 0.512, 0.391, 0.33, 0.27, 0.214, 0.158, 
        0.107, 0.06, 0.019, 0.093, 0.479, 0.907, 1, 1, 1, 1, 
        1, 1, 1, 1, 1, 1, 1, 1, 1, 1, 1, 1, 1, 1, 1, 1, 1, 1, 
        1, 1, 1, 0.944, 0.628, 0.54, 0.54, 0.484, 0.284, 0.121, 
        0.102, 0.102, 0.102, 0.107, 0.107, 0.107, 0.107, 0.107, 
        0.107, 0.237, 0.516, 0.54, 0.567, 0.893, 1, 1, 1, 1, 
        1, 1, 1, 1,  ],
    [ 1, 1, 1, 1, 1, 1, 1, 1, 1, 1, 1, 1, 1, 1, 1, 1, 1, 0.977, 
        0.66, 0.772, 0.86, 0.74, 0.688, 0.981, 1, 1, 1, 0.912, 
        0.609, 0.516, 0.46, 0.405, 0.349, 0.302, 0.274, 0.228, 
        0.14, 0.056, 0.009, 0.005, 0.06, 0.419, 0.916, 1, 1, 
        1, 1, 1, 1, 1, 1, 1, 1, 1, 1, 1, 1, 1, 1, 1, 1, 1, 1, 
        1, 1, 1, 1, 0.86, 0.544, 0.54, 0.54, 0.344, 0.219, 0.2, 
        0.195, 0.195, 0.195, 0.195, 0.195, 0.195, 0.191, 0.158, 
        0.153, 0.316, 0.512, 0.54, 0.549, 0.851, 1, 1, 1, 1, 
        1, 1, 1, 1,  ],
    [ 1, 1, 1, 1, 1, 1, 1, 1, 1, 1, 1, 1, 1, 1, 1, 1, 1, 0.963, 
        0.591, 0.707, 0.842, 0.674, 0.651, 0.986, 1, 1, 0.949, 
        0.479, 0.498, 0.544, 0.488, 0.493, 0.628, 0.767, 0.833, 
        0.833, 0.744, 0.521, 0.181, 0.033, 0.047, 0.112, 0.591, 
        0.949, 1, 1, 1, 1, 1, 1, 1, 1, 1, 1, 1, 1, 1, 1, 1, 1, 
        1, 1, 1, 1, 1, 1, 1, 0.777, 0.507, 0.54, 0.54, 0.456, 
        0.716, 0.851, 0.851, 0.851, 0.851, 0.851, 0.851, 0.851, 
        0.847, 0.8, 0.772, 0.521, 0.502, 0.54, 0.544, 0.795, 
        1, 1, 1, 1, 1, 1, 1, 1,  ],
    [ 1, 1, 1, 1, 1, 1, 1, 1, 1, 1, 1, 1, 1, 1, 1, 1, 1, 0.953, 
        0.619, 0.521, 0.563, 0.535, 0.693, 0.991, 1, 0.995, 0.637, 
        0.27, 0.586, 0.577, 0.637, 0.87, 0.981, 1, 1, 1, 1, 0.986, 
        0.851, 0.4, 0.079, 0.07, 0.33, 0.795, 0.986, 1, 1, 1, 
        1, 1, 1, 1, 1, 0.986, 0.94, 0.981, 0.981, 0.949, 0.958, 
        0.995, 1, 1, 1, 1, 1, 1, 1, 0.763, 0.502, 0.54, 0.54, 
        0.726, 0.991, 1, 1, 1, 1, 1, 1, 1, 1, 1, 0.991, 0.619, 
        0.493, 0.54, 0.54, 0.735, 0.995, 1, 1, 1, 1, 1, 1, 1, 
         ],
    [ 1, 1, 1, 1, 1, 1, 1, 1, 1, 1, 1, 1, 1, 1, 1, 1, 1, 0.94, 
        0.619, 0.772, 0.819, 0.684, 0.73, 0.995, 1, 0.935, 0.288, 
        0.335, 0.623, 0.651, 0.912, 1, 1, 1, 1, 1, 1, 1, 1, 0.912, 
        0.321, 0.07, 0.219, 0.674, 0.93, 1, 1, 1, 1, 1, 0.963, 
        0.907, 0.977, 0.833, 0.763, 0.809, 0.805, 0.758, 0.777, 
        0.893, 0.898, 0.921, 0.986, 1, 1, 1, 1, 0.795, 0.493, 
        0.54, 0.54, 0.721, 0.995, 1, 1, 1, 1, 1, 1, 1, 1, 1, 
        0.995, 0.688, 0.474, 0.54, 0.54, 0.679, 0.986, 1, 1, 
        1, 1, 1, 1, 1,  ],
    [ 1, 1, 1, 1, 1, 1, 1, 1, 1, 1, 1, 1, 1, 1, 1, 1, 1, 0.921, 
        0.549, 0.791, 0.874, 0.642, 0.716, 0.995, 1, 0.805, 0.14, 
        0.237, 0.567, 0.777, 0.991, 1, 1, 1, 1, 1, 1, 1, 1, 0.995, 
        0.647, 0.088, 0.195, 0.628, 0.86, 1, 1, 1, 0.991, 1, 
        0.847, 0.726, 0.851, 0.707, 0.73, 0.581, 0.688, 0.558, 
        0.6, 0.688, 0.637, 0.749, 0.893, 0.972, 0.995, 1, 1, 
        0.833, 0.493, 0.54, 0.54, 0.684, 0.986, 1, 1, 1, 1, 1, 
        1, 1, 1, 1, 1, 0.753, 0.46, 0.54, 0.54, 0.637, 0.967, 
        1, 1, 1, 1, 1, 1, 1,  ],
    [ 1, 1, 1, 1, 1, 1, 1, 1, 1, 1, 1, 1, 1, 1, 1, 1, 1, 0.907, 
        0.567, 0.581, 0.637, 0.535, 0.744, 0.995, 1, 0.781, 0.279, 
        0.247, 0.4, 0.842, 1, 1, 1, 1, 1, 1, 1, 1, 1, 1, 0.795, 
        0.116, 0.26, 0.628, 0.814, 0.995, 1, 0.977, 0.772, 0.921, 
        0.819, 0.674, 0.712, 0.637, 0.67, 0.595, 0.66, 0.558, 
        0.563, 0.474, 0.409, 0.623, 0.647, 0.744, 0.833, 0.977, 
        1, 0.865, 0.498, 0.54, 0.54, 0.651, 0.977, 1, 1, 1, 1, 
        1, 1, 1, 1, 1, 1, 0.819, 0.46, 0.535, 0.54, 0.6, 0.94, 
        1, 1, 1, 1, 1, 1, 1,  ],
    [ 1, 1, 1, 1, 1, 1, 1, 1, 1, 1, 1, 1, 1, 1, 1, 1, 1, 0.888, 
        0.614, 0.753, 0.767, 0.628, 0.8, 1, 1, 0.972, 0.912, 
        0.893, 0.902, 0.972, 1, 1, 1, 1, 1, 1, 1, 1, 1, 1, 0.786, 
        0.135, 0.433, 0.619, 0.795, 0.995, 1, 0.981, 0.647, 0.693, 
        0.726, 0.674, 0.619, 0.665, 0.642, 0.535, 0.502, 0.558, 
        0.642, 0.637, 0.558, 0.367, 0.395, 0.623, 0.67, 0.907, 
        0.995, 0.898, 0.507, 0.54, 0.54, 0.623, 0.963, 1, 1, 
        1, 1, 1, 1, 1, 1, 1, 1, 0.87, 0.474, 0.53, 0.54, 0.572, 
        0.902, 1, 1, 1, 1, 1, 1, 1,  ],
    [ 1, 1, 1, 1, 1, 1, 1, 1, 1, 1, 1, 1, 1, 1, 1, 1, 1, 0.851, 
        0.572, 0.879, 0.898, 0.642, 0.791, 1, 1, 1, 1, 1, 1, 
        1, 1, 1, 1, 1, 1, 1, 1, 1, 1, 0.981, 0.563, 0.316, 0.549, 
        0.605, 0.837, 0.981, 0.833, 0.949, 0.795, 0.558, 0.549, 
        0.586, 0.702, 0.484, 0.195, 0.088, 0.153, 0.26, 0.367, 
        0.507, 0.656, 0.581, 0.391, 0.358, 0.553, 0.656, 0.837, 
        0.907, 0.516, 0.535, 0.54, 0.563, 0.795, 0.977, 1, 1, 
        1, 1, 1, 1, 1, 1, 1, 0.912, 0.493, 0.526, 0.54, 0.553, 
        0.86, 1, 1, 1, 1, 1, 1, 1,  ],
    [ 1, 1, 1, 1, 1, 1, 1, 1, 1, 1, 1, 1, 1, 1, 1, 1, 1, 0.842, 
        0.512, 0.633, 0.656, 0.521, 0.809, 1, 1, 1, 1, 1, 1, 
        1, 1, 1, 1, 1, 1, 1, 1, 1, 0.981, 0.744, 0.409, 0.484, 
        0.544, 0.623, 0.926, 0.977, 0.637, 0.6, 0.572, 0.479, 
        0.656, 0.702, 0.507, 0.219, 0.135, 0.195, 0.312, 0.353, 
        0.372, 0.423, 0.512, 0.665, 0.581, 0.237, 0.428, 0.544, 
        0.567, 0.828, 0.498, 0.47, 0.535, 0.54, 0.563, 0.726, 
        0.916, 0.935, 0.935, 0.935, 0.935, 0.944, 0.958, 0.958, 
        0.958, 0.907, 0.512, 0.516, 0.54, 0.544, 0.805, 1, 1, 
        1, 1, 1, 1, 1,  ],
    [ 1, 1, 1, 1, 1, 1, 1, 1, 1, 1, 1, 1, 1, 1, 1, 1, 1, 0.823, 
        0.595, 0.702, 0.707, 0.6, 0.851, 1, 1, 1, 1, 1, 1, 1, 
        1, 1, 1, 1, 1, 1, 0.995, 0.93, 0.688, 0.46, 0.447, 0.484, 
        0.535, 0.777, 0.991, 0.991, 0.884, 0.563, 0.428, 0.521, 
        0.609, 0.656, 0.391, 0.498, 0.744, 0.879, 0.921, 0.898, 
        0.805, 0.637, 0.526, 0.581, 0.698, 0.428, 0.247, 0.447, 
        0.53, 0.837, 0.507, 0.377, 0.442, 0.526, 0.54, 0.549, 
        0.586, 0.6, 0.6, 0.6, 0.6, 0.605, 0.623, 0.623, 0.623, 
        0.619, 0.54, 0.535, 0.54, 0.54, 0.749, 0.995, 1, 1, 1, 
        1, 1, 1,  ],
    [ 1, 1, 1, 1, 1, 1, 1, 1, 1, 1, 1, 1, 1, 1, 1, 1, 1, 0.767, 
        0.656, 0.94, 0.907, 0.633, 0.856, 1, 1, 1, 1, 1, 1, 1, 
        1, 1, 1, 1, 0.991, 0.93, 0.758, 0.53, 0.414, 0.419, 0.442, 
        0.488, 0.698, 0.963, 0.963, 0.716, 0.777, 0.447, 0.391, 
        0.484, 0.688, 0.623, 0.707, 0.963, 1, 1, 1, 1, 1, 0.972, 
        0.8, 0.591, 0.67, 0.549, 0.205, 0.391, 0.442, 0.544, 
        0.558, 0.386, 0.372, 0.437, 0.535, 0.54, 0.54, 0.54, 
        0.54, 0.54, 0.54, 0.54, 0.54, 0.54, 0.54, 0.54, 0.54, 
        0.54, 0.54, 0.54, 0.693, 0.991, 1, 1, 1, 1, 1, 1,  ],
    [ 1, 1, 1, 1, 1, 1, 1, 1, 1, 1, 1, 1, 1, 1, 1, 1, 1, 0.753, 
        0.516, 0.693, 0.637, 0.507, 0.86, 1, 1, 1, 1, 1, 1, 1, 
        1, 1, 0.991, 0.916, 0.721, 0.502, 0.4, 0.386, 0.4, 0.414, 
        0.493, 0.73, 0.963, 1, 0.981, 0.698, 0.456, 0.33, 0.284, 
        0.484, 0.688, 0.767, 0.967, 1, 1, 1, 1, 1, 1, 1, 0.986, 
        0.763, 0.656, 0.628, 0.237, 0.298, 0.405, 0.423, 0.716, 
        0.688, 0.447, 0.507, 0.54, 0.54, 0.54, 0.54, 0.54, 0.54, 
        0.54, 0.54, 0.54, 0.54, 0.54, 0.54, 0.54, 0.54, 0.54, 
        0.54, 0.647, 0.972, 1, 1, 1, 1, 1, 1,  ],
    [ 1, 1, 1, 1, 1, 1, 1, 1, 1, 1, 1, 1, 1, 1, 1, 1, 0.995, 
        0.749, 0.581, 0.651, 0.637, 0.591, 0.893, 1, 1, 1, 1, 
        1, 1, 1, 0.991, 0.902, 0.698, 0.488, 0.391, 0.377, 0.377, 
        0.386, 0.423, 0.591, 0.842, 0.981, 1, 1, 1, 0.958, 0.679, 
        0.395, 0.349, 0.353, 0.567, 0.795, 0.981, 1, 1, 1, 1, 
        1, 1, 1, 1, 0.921, 0.712, 0.591, 0.191, 0.344, 0.293, 
        0.507, 0.921, 0.93, 0.595, 0.54, 0.54, 0.54, 0.512, 0.423, 
        0.391, 0.4, 0.4, 0.4, 0.4, 0.4, 0.4, 0.4, 0.405, 0.47, 
        0.54, 0.54, 0.609, 0.949, 1, 1, 1, 1, 1, 1,  ],
    [ 1, 1, 1, 1, 1, 1, 1, 1, 1, 1, 1, 1, 1, 1, 1, 1, 0.991, 
        0.698, 0.73, 0.926, 0.856, 0.633, 0.912, 1, 1, 1, 1, 
        1, 0.995, 0.916, 0.707, 0.493, 0.405, 0.386, 0.377, 0.377, 
        0.414, 0.553, 0.795, 0.963, 1, 1, 1, 1, 0.963, 0.684, 
        0.479, 0.2, 0.191, 0.219, 0.526, 0.726, 0.879, 0.991, 
        1, 1, 1, 1, 1, 1, 1, 0.93, 0.74, 0.47, 0.256, 0.209, 
        0.344, 0.302, 0.781, 0.809, 0.549, 0.54, 0.54, 0.474, 
        0.228, 0.051, 0.084, 0.112, 0.112, 0.112, 0.112, 0.112, 
        0.112, 0.112, 0.116, 0.326, 0.535, 0.54, 0.577, 0.916, 
        1, 1, 1, 1, 1, 1,  ],
    [ 1, 1, 1, 1, 1, 1, 1, 1, 1, 1, 1, 1, 1, 1, 1, 1, 0.981, 
        0.656, 0.549, 0.753, 0.614, 0.53, 0.907, 1, 1, 1, 1, 
        0.977, 0.777, 0.544, 0.447, 0.414, 0.4, 0.391, 0.433, 
        0.586, 0.809, 0.958, 0.995, 1, 1, 1, 1, 1, 0.986, 0.758, 
        0.47, 0.349, 0.298, 0.233, 0.214, 0.456, 0.744, 0.879, 
        0.972, 1, 1, 1, 1, 0.991, 0.94, 0.786, 0.647, 0.27, 0.274, 
        0.186, 0.321, 0.284, 0.656, 0.693, 0.54, 0.54, 0.521, 
        0.288, 0.102, 0.121, 0.186, 0.2, 0.2, 0.2, 0.2, 0.191, 
        0.172, 0.172, 0.186, 0.377, 0.53, 0.54, 0.558, 0.87, 
        1, 1, 1, 1, 1, 1,  ],
    [ 1, 1, 1, 1, 1, 1, 1, 1, 1, 1, 1, 1, 1, 1, 1, 1, 0.977, 
        0.684, 0.567, 0.702, 0.637, 0.609, 0.935, 1, 1, 1, 0.963, 
        0.637, 0.46, 0.479, 0.451, 0.428, 0.456, 0.609, 0.837, 
        0.972, 1, 1, 1, 1, 1, 1, 1, 1, 1, 0.991, 0.837, 0.316, 
        0.167, 0.163, 0.172, 0.251, 0.447, 0.67, 0.8, 0.87, 0.916, 
        0.93, 0.902, 0.842, 0.753, 0.623, 0.353, 0.312, 0.191, 
        0.27, 0.209, 0.637, 0.898, 0.6, 0.54, 0.54, 0.488, 0.391, 
        0.647, 0.819, 0.851, 0.851, 0.851, 0.851, 0.851, 0.837, 
        0.809, 0.809, 0.749, 0.46, 0.526, 0.54, 0.549, 0.819, 
        1, 1, 1, 1, 1, 1,  ],
    [ 1, 1, 1, 1, 1, 1, 1, 1, 1, 1, 1, 1, 1, 1, 1, 1, 0.967, 
        0.642, 0.721, 0.842, 0.744, 0.628, 0.944, 1, 1, 0.986, 
        0.628, 0.358, 0.54, 0.502, 0.479, 0.595, 0.837, 0.972, 
        1, 1, 1, 1, 1, 1, 1, 1, 1, 1, 1, 0.981, 0.66, 0.307, 
        0.237, 0.214, 0.153, 0.116, 0.158, 0.377, 0.502, 0.595, 
        0.707, 0.688, 0.688, 0.623, 0.474, 0.474, 0.191, 0.363, 
        0.135, 0.335, 0.126, 0.623, 0.874, 0.526, 0.54, 0.54, 
        0.586, 0.884, 0.995, 1, 1, 1, 1, 1, 1, 1, 1, 1, 0.94, 
        0.507, 0.512, 0.54, 0.54, 0.763, 0.995, 1, 1, 1, 1, 1, 
         ],
    [ 1, 1, 1, 1, 1, 1, 1, 1, 1, 1, 1, 1, 1, 1, 1, 1, 0.958, 
        0.577, 0.679, 0.847, 0.674, 0.591, 0.953, 1, 1, 0.833, 
        0.219, 0.488, 0.577, 0.553, 0.726, 0.944, 1, 1, 1, 1, 
        1, 1, 1, 1, 1, 1, 1, 1, 1, 0.995, 0.865, 0.605, 0.344, 
        0.158, 0.149, 0.186, 0.2, 0.181, 0.195, 0.27, 0.414, 
        0.316, 0.423, 0.405, 0.247, 0.442, 0.177, 0.4, 0.116, 
        0.377, 0.27, 0.693, 0.851, 0.493, 0.54, 0.54, 0.628, 
        0.963, 1, 1, 1, 1, 1, 1, 1, 1, 1, 1, 0.967, 0.544, 0.502, 
        0.54, 0.54, 0.707, 0.991, 1, 1, 1, 1, 1,  ],
    [ 1, 1, 1, 1, 1, 1, 1, 1, 1, 1, 1, 1, 1, 1, 1, 1, 0.949, 
        0.605, 0.581, 0.73, 0.581, 0.614, 0.963, 1, 0.991, 0.507, 
        0.158, 0.581, 0.609, 0.749, 0.977, 1, 1, 1, 1, 1, 1, 
        1, 1, 1, 1, 1, 0.958, 0.977, 1, 1, 1, 0.981, 0.633, 0.228, 
        0.223, 0.163, 0.13, 0.177, 0.2, 0.302, 0.293, 0.209, 
        0.423, 0.288, 0.293, 0.409, 0.167, 0.423, 0.107, 0.493, 
        0.888, 0.986, 0.879, 0.502, 0.54, 0.54, 0.605, 0.944, 
        1, 1, 1, 1, 1, 1, 1, 1, 1, 1, 0.986, 0.6, 0.484, 0.54, 
        0.54, 0.656, 0.981, 1, 1, 1, 1, 1,  ],
    [ 1, 1, 1, 1, 1, 1, 1, 1, 1, 1, 1, 1, 1, 1, 1, 1, 0.93, 0.619, 
        0.642, 0.702, 0.637, 0.674, 0.977, 1, 0.953, 0.302, 0.158, 
        0.595, 0.67, 0.921, 1, 1, 1, 1, 1, 1, 1, 1, 1, 1, 0.995, 
        0.87, 0.484, 0.753, 0.972, 1, 1, 0.995, 0.749, 0.414, 
        0.274, 0.153, 0.181, 0.228, 0.265, 0.27, 0.191, 0.307, 
        0.4, 0.181, 0.4, 0.326, 0.195, 0.442, 0.163, 0.591, 0.981, 
        1, 0.907, 0.507, 0.54, 0.54, 0.581, 0.926, 1, 1, 1, 1, 
        1, 1, 1, 1, 1, 1, 0.995, 0.665, 0.47, 0.54, 0.54, 0.619, 
        0.958, 1, 1, 1, 1, 1,  ],
    [ 1, 1, 1, 1, 1, 1, 1, 1, 1, 1, 1, 1, 1, 1, 1, 1, 0.912, 
        0.572, 0.847, 0.944, 0.73, 0.647, 0.977, 1, 0.916, 0.223, 
        0.13, 0.563, 0.712, 0.963, 1, 1, 1, 1, 1, 1, 1, 1, 1, 
        1, 0.912, 0.321, 0.205, 0.623, 0.814, 0.991, 1, 1, 0.991, 
        0.944, 0.837, 0.367, 0.256, 0.228, 0.233, 0.205, 0.233, 
        0.381, 0.288, 0.186, 0.474, 0.214, 0.288, 0.777, 0.786, 
        0.93, 1, 1, 0.93, 0.521, 0.535, 0.54, 0.563, 0.884, 1, 
        1, 1, 1, 1, 1, 1, 1, 1, 1, 1, 0.735, 0.456, 0.54, 0.54, 
        0.586, 0.926, 1, 1, 1, 1, 1,  ],
    [ 1, 1, 1, 1, 0.995, 0.991, 0.991, 0.991, 0.991, 0.991, 0.991, 
        0.991, 0.991, 0.991, 0.995, 0.995, 0.893, 0.507, 0.614, 
        0.726, 0.526, 0.656, 0.986, 1, 0.93, 0.256, 0.084, 0.437, 
        0.707, 0.958, 1, 1, 1, 1, 1, 1, 1, 1, 1, 1, 0.795, 0.102, 
        0.326, 0.619, 0.749, 0.986, 1, 1, 1, 1, 0.986, 0.772, 
        0.577, 0.591, 0.349, 0.233, 0.395, 0.381, 0.163, 0.386, 
        0.656, 0.405, 0.595, 0.967, 1, 1, 1, 1, 0.953, 0.544, 
        0.53, 0.54, 0.544, 0.74, 0.986, 1, 1, 1, 1, 1, 1, 1, 
        1, 1, 1, 0.8, 0.451, 0.535, 0.54, 0.563, 0.888, 1, 1, 
        1, 1, 1,  ],
    [ 1, 1, 1, 1, 0.86, 0.73, 0.763, 0.758, 0.74, 0.73, 0.707, 
        0.721, 0.74, 0.74, 0.777, 0.786, 0.726, 0.586, 0.67, 
        0.726, 0.614, 0.712, 0.991, 1, 0.963, 0.34, 0.074, 0.205, 
        0.614, 0.907, 1, 1, 1, 1, 1, 1, 1, 1, 1, 0.995, 0.605, 
        0.126, 0.498, 0.609, 0.777, 0.995, 1, 1, 1, 1, 1, 0.995, 
        0.991, 0.991, 0.823, 0.688, 0.833, 0.823, 0.591, 0.786, 
        0.977, 0.967, 0.981, 1, 1, 1, 1, 1, 0.967, 0.553, 0.512, 
        0.54, 0.54, 0.572, 0.819, 0.981, 1, 1, 1, 1, 1, 1, 1, 
        1, 1, 0.856, 0.46, 0.53, 0.54, 0.549, 0.837, 1, 1, 1, 
        1, 1,  ],
    [ 1, 1, 1, 1, 0.721, 0.66, 0.912, 0.884, 0.633, 0.651, 0.87, 
        0.865, 0.656, 0.642, 0.884, 0.879, 0.665, 0.586, 0.837, 
        0.86, 0.665, 0.73, 0.995, 1, 0.995, 0.563, 0.079, 0.07, 
        0.274, 0.716, 0.977, 1, 1, 1, 1, 1, 1, 1, 1, 0.884, 0.316, 
        0.367, 0.563, 0.605, 0.86, 1, 1, 1, 1, 1, 1, 1, 1, 1, 
        1, 1, 1, 1, 0.995, 1, 1, 1, 1, 1, 1, 1, 1, 1, 0.981, 
        0.6, 0.46, 0.535, 0.54, 0.54, 0.572, 0.712, 0.865, 0.93, 
        0.94, 0.94, 0.94, 0.94, 0.94, 0.953, 0.958, 0.87, 0.479, 
        0.526, 0.54, 0.54, 0.781, 1, 1, 1, 1, 1,  ],
    [ 1, 1, 1, 0.995, 0.665, 0.474, 0.726, 0.73, 0.526, 0.498, 
        0.702, 0.693, 0.54, 0.498, 0.73, 0.753, 0.521, 0.484, 
        0.73, 0.744, 0.521, 0.716, 0.995, 1, 1, 0.833, 0.191, 
        0.047, 0.042, 0.223, 0.67, 0.944, 0.995, 1, 1, 1, 1, 
        0.991, 0.884, 0.488, 0.377, 0.493, 0.549, 0.66, 0.953, 
        1, 1, 1, 1, 1, 1, 1, 1, 1, 1, 1, 1, 1, 1, 1, 1, 1, 1, 
        1, 1, 1, 1, 1, 0.995, 0.716, 0.423, 0.474, 0.535, 0.54, 
        0.54, 0.54, 0.563, 0.595, 0.605, 0.605, 0.605, 0.605, 
        0.605, 0.619, 0.633, 0.614, 0.53, 0.535, 0.54, 0.54, 
        0.721, 0.995, 1, 1, 1, 1,  ],
    [ 1, 1, 1, 0.986, 0.67, 0.553, 0.749, 0.712, 0.558, 0.549, 
        0.721, 0.707, 0.572, 0.553, 0.74, 0.744, 0.563, 0.549, 
        0.74, 0.749, 0.572, 0.753, 1, 1, 1, 0.981, 0.553, 0.07, 
        0.019, 0, 0.088, 0.349, 0.651, 0.819, 0.884, 0.888, 0.833, 
        0.684, 0.451, 0.386, 0.437, 0.488, 0.544, 0.842, 0.995, 
        1, 1, 1, 1, 1, 1, 1, 1, 1, 1, 1, 1, 1, 1, 1, 1, 1, 1, 
        1, 1, 1, 1, 1, 1, 0.893, 0.484, 0.395, 0.437, 0.512, 
        0.54, 0.54, 0.54, 0.54, 0.54, 0.54, 0.54, 0.54, 0.54, 
        0.54, 0.54, 0.54, 0.54, 0.54, 0.54, 0.54, 0.67, 0.981, 
        1, 1, 1, 1,  ],
    [ 1, 1, 1, 0.977, 0.479, 0.553, 0.721, 0.6, 0.33, 0.521, 
        0.758, 0.651, 0.367, 0.479, 0.74, 0.623, 0.377, 0.437, 
        0.674, 0.674, 0.437, 0.758, 1, 1, 1, 1, 0.93, 0.447, 
        0.042, 0, 0.014, 0.037, 0.098, 0.195, 0.265, 0.307, 0.307, 
        0.302, 0.344, 0.381, 0.428, 0.498, 0.749, 0.981, 1, 1, 
        1, 1, 1, 1, 1, 1, 1, 1, 1, 1, 1, 1, 1, 1, 1, 1, 1, 1, 
        1, 1, 1, 1, 1, 0.991, 0.749, 0.409, 0.344, 0.344, 0.395, 
        0.451, 0.474, 0.479, 0.479, 0.479, 0.479, 0.498, 0.498, 
        0.498, 0.498, 0.498, 0.498, 0.498, 0.498, 0.502, 0.605, 
        0.963, 1, 1, 1, 1,  ],
    [ 1, 1, 1, 0.995, 0.577, 0.619, 0.884, 0.8, 0.349, 0.609, 
        0.884, 0.819, 0.381, 0.558, 0.884, 0.847, 0.409, 0.54, 
        0.888, 0.87, 0.46, 0.712, 1, 1, 1, 1, 1, 0.935, 0.544, 
        0.144, 0.028, 0.051, 0.084, 0.13, 0.158, 0.205, 0.242, 
        0.284, 0.34, 0.377, 0.521, 0.781, 0.981, 1, 1, 1, 1, 
        1, 1, 1, 1, 1, 1, 1, 1, 1, 1, 1, 1, 1, 1, 1, 1, 1, 1, 
        1, 1, 1, 1, 1, 0.977, 0.721, 0.414, 0.293, 0.247, 0.209, 
        0.177, 0.158, 0.158, 0.158, 0.158, 0.172, 0.181, 0.181, 
        0.181, 0.181, 0.181, 0.181, 0.181, 0.181, 0.419, 0.958, 
        1, 1, 1, 1,  ],
    [ 1, 1, 1, 1, 0.833, 0.665, 0.763, 0.712, 0.605, 0.67, 0.726, 
        0.647, 0.53, 0.595, 0.735, 0.702, 0.54, 0.6, 0.744, 0.66, 
        0.488, 0.819, 1, 1, 1, 1, 1, 1, 0.986, 0.823, 0.502, 
        0.26, 0.158, 0.158, 0.172, 0.219, 0.26, 0.344, 0.479, 
        0.702, 0.912, 0.995, 1, 1, 1, 1, 1, 1, 1, 1, 1, 1, 1, 
        1, 1, 1, 1, 1, 1, 1, 1, 1, 1, 1, 1, 1, 1, 1, 1, 1, 1, 
        0.991, 0.86, 0.591, 0.367, 0.247, 0.172, 0.149, 0.149, 
        0.149, 0.149, 0.14, 0.13, 0.13, 0.13, 0.13, 0.13, 0.13, 
        0.13, 0.144, 0.623, 0.995, 1, 1, 1, 1,  ],
    [ 1, 1, 1, 1, 1, 1, 0.995, 0.995, 1, 1, 0.995, 0.991, 0.991, 
        0.991, 0.991, 0.991, 0.991, 0.991, 0.991, 0.986, 0.986, 
        0.995, 1, 1, 1, 1, 1, 1, 1, 1, 0.986, 0.916, 0.8, 0.707, 
        0.665, 0.684, 0.749, 0.856, 0.944, 0.995, 1, 1, 1, 1, 
        1, 1, 1, 1, 1, 1, 1, 1, 1, 1, 1, 1, 1, 1, 1, 1, 1, 1, 
        1, 1, 1, 1, 1, 1, 1, 1, 1, 1, 1, 0.986, 0.916, 0.833, 
        0.772, 0.767, 0.767, 0.767, 0.767, 0.735, 0.707, 0.707, 
        0.707, 0.707, 0.707, 0.707, 0.707, 0.721, 0.926, 1, 1, 
        1, 1, 1,  ],
    [ 1, 1, 1, 1, 1, 1, 1, 1, 1, 1, 1, 1, 1, 1, 1, 1, 1, 1, 1, 
        1, 1, 1, 1, 1, 1, 1, 1, 1, 1, 1, 1, 1, 1, 1, 1, 1, 1, 
        1, 1, 1, 1, 1, 1, 1, 1, 1, 1, 1, 1, 1, 1, 1, 1, 1, 1, 
        1, 1, 1, 1, 1, 1, 1, 1, 1, 1, 1, 1, 1, 1, 1, 1, 1, 1, 
        1, 1, 1, 1, 1, 1, 1, 1, 1, 1, 1, 1, 1, 1, 1, 1, 1, 1, 
        1, 1, 1, 1, 1,  ],
    [ 1, 1, 1, 1, 1, 1, 1, 1, 1, 1, 1, 1, 1, 1, 1, 1, 1, 1, 1, 
        1, 1, 1, 1, 1, 1, 1, 1, 1, 1, 1, 1, 1, 1, 1, 1, 1, 1, 
        1, 1, 1, 1, 1, 1, 1, 1, 1, 1, 1, 1, 1, 1, 1, 1, 1, 1, 
        1, 1, 1, 1, 1, 1, 1, 1, 1, 1, 1, 1, 1, 1, 1, 1, 1, 1, 
        1, 1, 1, 1, 1, 1, 1, 1, 1, 1, 1, 1, 1, 1, 1, 1, 1, 1, 
        1, 1, 1, 1, 1,  ],
    [ 1, 1, 1, 1, 1, 1, 1, 1, 1, 1, 1, 1, 1, 1, 1, 1, 1, 1, 1, 
        1, 1, 1, 1, 1, 1, 1, 1, 1, 1, 1, 1, 1, 1, 1, 1, 1, 1, 
        1, 1, 0.991, 0.949, 0.898, 0.884, 0.93, 0.981, 1, 1, 
        1, 1, 0.986, 0.93, 0.87, 0.842, 0.893, 0.963, 0.995, 
        1, 1, 1, 1, 1, 1, 1, 1, 1, 1, 1, 1, 1, 1, 1, 1, 1, 1, 
        1, 1, 1, 1, 1, 1, 1, 1, 1, 1, 1, 1, 1, 1, 1, 1, 1, 1, 
        1, 1, 1, 1,  ],
    [ 1, 1, 1, 1, 1, 1, 1, 1, 1, 1, 1, 1, 1, 1, 1, 1, 1, 1, 1, 
        1, 1, 1, 1, 1, 1, 1, 1, 1, 1, 1, 1, 1, 1, 1, 1, 1, 1, 
        1, 0.916, 0.693, 0.512, 0.447, 0.437, 0.488, 0.558, 0.87, 
        1, 0.995, 0.912, 0.674, 0.498, 0.428, 0.414, 0.447, 0.512, 
        0.819, 1, 1, 1, 1, 1, 1, 1, 1, 1, 1, 1, 1, 1, 1, 1, 1, 
        1, 1, 1, 1, 1, 1, 1, 1, 1, 1, 1, 1, 1, 1, 1, 1, 1, 1, 
        1, 1, 1, 1, 1, 1,  ],
    [ 1, 1, 1, 1, 1, 1, 1, 1, 1, 1, 1, 1, 1, 1, 1, 1, 1, 1, 1, 
        1, 1, 1, 1, 1, 1, 1, 1, 1, 1, 1, 1, 1, 1, 1, 1, 1, 1, 
        0.912, 0.572, 0.433, 0.377, 0.377, 0.377, 0.367, 0.233, 
        0.423, 0.967, 0.907, 0.563, 0.437, 0.377, 0.367, 0.372, 
        0.363, 0.274, 0.372, 0.953, 1, 1, 1, 1, 1, 1, 1, 1, 1, 
        1, 1, 1, 1, 1, 1, 1, 1, 1, 1, 1, 1, 1, 1, 1, 1, 1, 1, 
        1, 1, 1, 1, 1, 1, 1, 1, 1, 1, 1, 1,  ],
    [ 1, 1, 1, 1, 1, 1, 1, 1, 1, 1, 1, 1, 1, 1, 1, 1, 1, 1, 1, 
        1, 1, 1, 1, 1, 1, 1, 1, 1, 1, 1, 1, 1, 1, 1, 1, 1, 0.981, 
        0.656, 0.437, 0.349, 0.214, 0.181, 0.177, 0.149, 0.065, 
        0.098, 0.777, 0.656, 0.442, 0.363, 0.205, 0.158, 0.149, 
        0.13, 0.07, 0.084, 0.763, 1, 1, 1, 1, 1, 1, 1, 1, 1, 
        1, 1, 1, 1, 1, 1, 1, 1, 1, 1, 1, 1, 1, 1, 1, 1, 1, 1, 
        1, 1, 1, 1, 1, 1, 1, 1, 1, 1, 1, 1,  ],
    [ 1, 1, 1, 1, 1, 1, 1, 1, 1, 1, 1, 1, 1, 1, 1, 1, 1, 1, 1, 
        1, 1, 1, 1, 1, 1, 1, 1, 1, 1, 1, 1, 1, 1, 1, 1, 1, 0.967, 
        0.558, 0.321, 0.112, 0.079, 0.107, 0.079, 0.033, 0.028, 
        0.033, 0.614, 0.586, 0.33, 0.121, 0.079, 0.116, 0.093, 
        0.037, 0.033, 0.037, 0.595, 1, 1, 1, 1, 1, 1, 1, 1, 1, 
        1, 1, 1, 1, 1, 1, 1, 1, 1, 1, 1, 1, 1, 1, 1, 1, 1, 1, 
        1, 1, 1, 1, 1, 1, 1, 1, 1, 1, 1, 1,  ],
    [ 1, 1, 1, 1, 1, 1, 1, 1, 1, 1, 1, 1, 1, 1, 1, 1, 1, 1, 1, 
        1, 1, 1, 1, 1, 1, 1, 1, 1, 1, 1, 1, 1, 1, 1, 1, 1, 0.986, 
        0.521, 0.084, 0.07, 0.167, 0.172, 0.102, 0.023, 0.042, 
        0.098, 0.712, 0.605, 0.088, 0.065, 0.167, 0.177, 0.126, 
        0.033, 0.037, 0.102, 0.702, 1, 1, 1, 1, 1, 1, 1, 1, 1, 
        1, 1, 1, 1, 1, 1, 1, 1, 1, 1, 1, 1, 1, 1, 1, 1, 1, 1, 
        1, 1, 1, 1, 1, 1, 1, 1, 1, 1, 1, 1,  ],
    [ 1, 1, 1, 1, 1, 1, 1, 1, 1, 1, 1, 1, 1, 1, 1, 1, 1, 1, 1, 
        1, 1, 1, 1, 1, 1, 1, 1, 1, 1, 1, 1, 1, 1, 1, 1, 1, 1, 
        0.8, 0.158, 0.079, 0.177, 0.181, 0.112, 0.028, 0.079, 
        0.479, 0.958, 0.86, 0.2, 0.07, 0.167, 0.186, 0.14, 0.037, 
        0.079, 0.53, 0.967, 1, 1, 1, 1, 1, 1, 1, 1, 1, 1, 1, 
        1, 1, 1, 1, 1, 1, 1, 1, 1, 1, 1, 1, 1, 1, 1, 1, 1, 1, 
        1, 1, 1, 1, 1, 1, 1, 1, 1, 1,  ],
    [ 1, 1, 1, 1, 1, 1, 1, 1, 1, 1, 1, 1, 1, 1, 1, 1, 1, 1, 1, 
        1, 1, 1, 1, 1, 1, 1, 1, 1, 1, 1, 1, 1, 1, 1, 1, 1, 1, 
        0.986, 0.674, 0.247, 0.172, 0.181, 0.135, 0.037, 0.279, 
        0.93, 1, 0.995, 0.735, 0.293, 0.167, 0.186, 0.153, 0.056, 
        0.205, 0.907, 1, 1, 1, 1, 1, 1, 1, 1, 1, 1, 1, 1, 1, 
        1, 1, 1, 1, 1, 1, 1, 1, 1, 1, 1, 1, 1, 1, 1, 1, 1, 1, 
        1, 1, 1, 1, 1, 1, 1, 1, 1,  ],
    [ 1, 1, 1, 1, 1, 1, 1, 1, 1, 1, 1, 1, 1, 1, 1, 1, 1, 1, 1, 
        1, 1, 1, 1, 1, 1, 1, 1, 1, 1, 1, 1, 1, 1, 1, 1, 1, 1, 
        1, 0.991, 0.702, 0.186, 0.186, 0.14, 0.042, 0.27, 0.953, 
        1, 1, 0.995, 0.781, 0.2, 0.186, 0.163, 0.07, 0.149, 0.87, 
        1, 1, 1, 1, 1, 1, 1, 1, 1, 1, 1, 1, 1, 1, 1, 1, 1, 1, 
        1, 1, 1, 1, 1, 1, 1, 1, 1, 1, 1, 1, 1, 1, 1, 1, 1, 1, 
        1, 1, 1, 1,  ],
    [ 1, 1, 1, 1, 1, 1, 1, 1, 1, 1, 1, 1, 1, 1, 1, 1, 1, 1, 1, 
        1, 1, 1, 1, 1, 1, 1, 1, 1, 1, 1, 1, 1, 1, 1, 1, 1, 1, 
        1, 1, 0.795, 0.209, 0.186, 0.149, 0.056, 0.191, 0.907, 
        1, 1, 1, 0.884, 0.251, 0.186, 0.167, 0.088, 0.084, 0.781, 
        1, 1, 1, 1, 1, 1, 1, 1, 1, 1, 1, 1, 1, 1, 1, 1, 1, 1, 
        1, 1, 1, 1, 1, 1, 1, 1, 1, 1, 1, 1, 1, 1, 1, 1, 1, 1, 
        1, 1, 1, 1,  ],
    [ 1, 1, 1, 1, 1, 1, 1, 1, 1, 1, 1, 1, 1, 1, 1, 1, 1, 1, 1, 
        1, 1, 1, 1, 1, 1, 1, 1, 1, 1, 1, 1, 1, 1, 1, 1, 1, 1, 
        1, 1, 0.86, 0.242, 0.186, 0.163, 0.07, 0.121, 0.842, 
        1, 1, 1, 0.935, 0.312, 0.186, 0.177, 0.102, 0.047, 0.665, 
        1, 1, 1, 1, 1, 1, 1, 1, 1, 1, 1, 1, 1, 1, 1, 1, 1, 1, 
        1, 1, 1, 1, 1, 1, 1, 1, 1, 1, 1, 1, 1, 1, 1, 1, 1, 1, 
        1, 1, 1, 1,  ],
    [ 1, 1, 1, 1, 1, 1, 1, 1, 1, 1, 1, 1, 1, 1, 1, 1, 1, 1, 1, 
        1, 1, 1, 1, 1, 1, 1, 1, 1, 1, 1, 1, 1, 1, 1, 1, 1, 1, 
        1, 1, 0.902, 0.279, 0.186, 0.163, 0.074, 0.074, 0.767, 
        1, 1, 1, 0.972, 0.386, 0.181, 0.181, 0.121, 0.037, 0.535, 
        0.995, 1, 1, 1, 1, 1, 1, 1, 1, 1, 1, 1, 1, 1, 1, 1, 1, 
        1, 1, 1, 1, 1, 1, 1, 1, 1, 1, 1, 1, 1, 1, 1, 1, 1, 1, 
        1, 1, 1, 1, 1,  ],
    [ 1, 1, 1, 1, 1, 1, 1, 1, 1, 1, 1, 1, 1, 1, 1, 1, 1, 1, 1, 
        1, 1, 1, 1, 1, 1, 1, 1, 1, 1, 1, 1, 1, 1, 1, 1, 1, 1, 
        1, 1, 0.949, 0.335, 0.181, 0.177, 0.093, 0.047, 0.684, 
        1, 1, 1, 0.991, 0.488, 0.172, 0.186, 0.13, 0.037, 0.4, 
        0.981, 1, 1, 1, 1, 1, 1, 1, 1, 1, 1, 1, 1, 1, 1, 1, 1, 
        1, 1, 1, 1, 1, 1, 1, 1, 1, 1, 1, 1, 1, 1, 1, 1, 1, 1, 
        1, 1, 1, 1, 1,  ],
    [ 1, 1, 1, 1, 1, 1, 1, 1, 1, 1, 1, 1, 1, 1, 1, 1, 1, 1, 1, 
        1, 1, 1, 1, 1, 1, 1, 1, 1, 1, 1, 1, 1, 1, 1, 1, 1, 1, 
        1, 1, 0.977, 0.409, 0.181, 0.177, 0.102, 0.028, 0.567, 
        0.995, 1, 1, 1, 0.6, 0.167, 0.186, 0.144, 0.051, 0.279, 
        0.953, 1, 1, 1, 1, 1, 1, 1, 1, 1, 1, 1, 1, 1, 1, 1, 1, 
        1, 1, 1, 1, 1, 1, 1, 1, 1, 1, 1, 1, 1, 1, 1, 1, 1, 1, 
        1, 1, 1, 1, 1,  ],
    [ 1, 1, 1, 1, 1, 1, 1, 1, 1, 1, 1, 1, 1, 1, 1, 1, 1, 1, 1, 
        1, 1, 1, 1, 1, 1, 1, 1, 1, 1, 1, 1, 1, 1, 1, 1, 1, 1, 
        1, 1, 0.991, 0.484, 0.177, 0.186, 0.126, 0.028, 0.447, 
        0.991, 1, 1, 1, 0.707, 0.177, 0.186, 0.153, 0.065, 0.186, 
        0.898, 1, 1, 1, 1, 1, 1, 1, 1, 1, 1, 1, 1, 1, 1, 1, 1, 
        1, 1, 1, 1, 1, 1, 1, 1, 1, 1, 1, 1, 1, 1, 1, 1, 1, 1, 
        1, 1, 1, 1, 1,  ],
    [ 1, 1, 1, 1, 1, 1, 1, 1, 1, 1, 1, 1, 1, 1, 1, 1, 1, 1, 1, 
        1, 1, 1, 1, 1, 1, 1, 1, 1, 1, 1, 1, 1, 1, 1, 1, 1, 1, 
        1, 1, 0.995, 0.577, 0.172, 0.186, 0.13, 0.033, 0.344, 
        0.977, 1, 1, 1, 0.8, 0.2, 0.186, 0.167, 0.084, 0.112, 
        0.823, 1, 1, 1, 1, 1, 1, 1, 1, 1, 1, 1, 1, 1, 1, 1, 1, 
        1, 1, 1, 1, 1, 1, 1, 1, 1, 1, 1, 1, 1, 1, 1, 1, 1, 1, 
        1, 1, 1, 1, 1,  ],
    [ 1, 1, 1, 1, 1, 1, 1, 1, 1, 1, 1, 1, 1, 1, 1, 1, 1, 1, 1, 
        1, 1, 1, 1, 1, 1, 1, 1, 1, 1, 1, 1, 1, 1, 1, 1, 1, 1, 
        1, 1, 1, 0.651, 0.172, 0.191, 0.144, 0.051, 0.256, 0.944, 
        1, 1, 1, 0.879, 0.251, 0.191, 0.172, 0.093, 0.06, 0.721, 
        1, 1, 1, 1, 1, 1, 1, 1, 1, 1, 1, 1, 1, 1, 1, 1, 1, 1, 
        1, 1, 1, 1, 1, 1, 1, 1, 1, 1, 1, 1, 1, 1, 1, 1, 1, 1, 
        1, 1, 1,  ],
    [ 1, 1, 1, 1, 1, 1, 1, 1, 1, 1, 1, 1, 1, 1, 1, 1, 1, 1, 1, 
        1, 1, 1, 1, 1, 1, 1, 1, 1, 1, 1, 1, 1, 1, 1, 1, 1, 1, 
        1, 1, 1, 0.735, 0.186, 0.191, 0.149, 0.051, 0.172, 0.888, 
        1, 1, 1, 0.935, 0.312, 0.181, 0.181, 0.107, 0.037, 0.609, 
        1, 1, 1, 1, 1, 1, 1, 1, 1, 1, 1, 1, 1, 1, 1, 1, 1, 1, 
        1, 1, 1, 1, 1, 1, 1, 1, 1, 1, 1, 1, 1, 1, 1, 1, 1, 1, 
        1, 1, 1,  ],
    [ 1, 1, 1, 1, 1, 1, 1, 1, 1, 1, 1, 1, 1, 1, 1, 1, 1, 1, 1, 
        1, 1, 1, 1, 1, 1, 1, 1, 1, 1, 1, 1, 1, 1, 1, 1, 1, 1, 
        1, 1, 1, 0.814, 0.214, 0.191, 0.153, 0.06, 0.107, 0.823, 
        1, 1, 1, 0.977, 0.409, 0.177, 0.181, 0.121, 0.028, 0.47, 
        0.991, 1, 1, 1, 1, 1, 1, 1, 1, 1, 1, 1, 1, 1, 1, 1, 1, 
        1, 1, 1, 1, 1, 1, 1, 1, 1, 1, 1, 1, 1, 1, 1, 1, 1, 1, 
        1, 1, 1, 1,  ],
    [ 1, 1, 1, 1, 1, 1, 1, 1, 1, 1, 1, 1, 1, 1, 1, 1, 1, 1, 1, 
        1, 1, 1, 1, 1, 1, 1, 1, 1, 1, 1, 1, 1, 1, 1, 1, 1, 1, 
        1, 1, 1, 0.865, 0.242, 0.191, 0.172, 0.088, 0.06, 0.735, 
        1, 1, 1, 0.991, 0.507, 0.172, 0.191, 0.144, 0.042, 0.321, 
        0.967, 1, 1, 1, 1, 1, 1, 1, 1, 1, 1, 1, 1, 1, 1, 1, 1, 
        1, 1, 1, 1, 1, 1, 1, 1, 1, 1, 1, 1, 1, 1, 1, 1, 1, 1, 
        1, 1, 1, 1,  ],
    [ 1, 1, 1, 1, 1, 1, 1, 1, 1, 1, 1, 1, 1, 1, 1, 1, 1, 1, 1, 
        1, 1, 1, 1, 1, 1, 1, 1, 1, 1, 1, 1, 1, 1, 1, 1, 1, 1, 
        1, 1, 1, 0.921, 0.293, 0.186, 0.167, 0.093, 0.037, 0.656, 
        1, 1, 1, 1, 0.623, 0.172, 0.191, 0.153, 0.056, 0.195, 
        0.912, 1, 1, 1, 1, 1, 1, 1, 1, 1, 1, 1, 1, 1, 1, 1, 1, 
        1, 1, 1, 1, 1, 1, 1, 1, 1, 1, 1, 1, 1, 1, 1, 1, 1, 1, 
        1, 1, 1, 1,  ],
    [ 1, 1, 1, 1, 1, 1, 1, 1, 1, 1, 1, 1, 1, 1, 1, 1, 1, 1, 1, 
        1, 1, 1, 1, 1, 1, 1, 1, 1, 1, 1, 1, 1, 1, 1, 1, 1, 1, 
        1, 1, 1, 0.958, 0.349, 0.186, 0.181, 0.102, 0.033, 0.549, 
        0.995, 1, 1, 1, 0.726, 0.177, 0.2, 0.163, 0.065, 0.121, 
        0.842, 1, 1, 1, 1, 1, 1, 1, 1, 1, 1, 1, 1, 1, 1, 1, 1, 
        1, 1, 1, 1, 1, 1, 1, 1, 1, 1, 1, 1, 1, 1, 1, 1, 1, 1, 
        1, 1, 1, 1,  ],
    [ 1, 1, 1, 1, 1, 1, 1, 1, 1, 1, 1, 1, 1, 1, 1, 1, 1, 1, 1, 
        1, 1, 1, 1, 1, 1, 1, 1, 1, 1, 1, 1, 1, 1, 1, 1, 1, 1, 
        1, 1, 1, 0.977, 0.414, 0.181, 0.181, 0.112, 0.028, 0.428, 
        0.986, 1, 1, 1, 0.823, 0.214, 0.191, 0.172, 0.093, 0.065, 
        0.749, 1, 1, 1, 1, 1, 1, 1, 1, 1, 1, 1, 1, 1, 1, 1, 1, 
        1, 1, 1, 1, 1, 1, 1, 1, 1, 1, 1, 1, 1, 1, 1, 1, 1, 1, 
        1, 1, 1, 1,  ],
    [ 1, 1, 1, 1, 1, 1, 1, 1, 1, 1, 1, 1, 1, 1, 1, 1, 1, 1, 1, 
        1, 1, 1, 1, 1, 1, 1, 1, 1, 1, 1, 1, 1, 1, 1, 1, 1, 1, 
        1, 1, 1, 0.991, 0.507, 0.177, 0.195, 0.121, 0.037, 0.312, 
        0.967, 1, 1, 1, 0.888, 0.256, 0.191, 0.181, 0.102, 0.037, 
        0.637, 1, 1, 1, 1, 1, 1, 1, 1, 1, 1, 1, 1, 1, 1, 1, 1, 
        1, 1, 1, 1, 1, 1, 1, 1, 1, 1, 1, 1, 1, 1, 1, 1, 1, 1, 
        1, 1, 1, 1,  ],
    [ 1, 1, 1, 1, 1, 1, 1, 1, 1, 1, 1, 1, 1, 1, 1, 1, 1, 1, 1, 
        1, 1, 1, 1, 1, 1, 1, 1, 1, 1, 1, 1, 1, 1, 1, 1, 1, 1, 
        1, 1, 1, 1, 0.591, 0.177, 0.195, 0.135, 0.042, 0.219, 
        0.926, 1, 1, 1, 0.944, 0.321, 0.186, 0.186, 0.126, 0.033, 
        0.507, 0.995, 1, 1, 1, 1, 1, 1, 1, 1, 1, 1, 1, 1, 1, 
        1, 1, 1, 1, 1, 1, 1, 1, 1, 1, 1, 1, 1, 1, 1, 1, 1, 1, 
        1, 1, 1, 1, 1, 1,  ],
    [ 1, 1, 1, 1, 1, 1, 1, 1, 1, 1, 1, 1, 1, 1, 1, 1, 1, 1, 1, 
        1, 1, 1, 1, 1, 1, 1, 1, 1, 1, 1, 1, 1, 1, 1, 1, 1, 1, 
        1, 1, 1, 1, 0.674, 0.177, 0.2, 0.153, 0.051, 0.153, 0.879, 
        1, 1, 1, 0.977, 0.414, 0.181, 0.195, 0.13, 0.037, 0.367, 
        0.981, 1, 1, 1, 1, 1, 1, 1, 1, 1, 1, 1, 1, 1, 1, 1, 1, 
        1, 1, 1, 1, 1, 1, 1, 1, 1, 1, 1, 1, 1, 1, 1, 1, 1, 1, 
        1, 1, 1,  ],
    [ 1, 1, 1, 1, 1, 1, 1, 1, 1, 1, 1, 1, 1, 1, 1, 1, 1, 1, 1, 
        1, 1, 1, 1, 1, 1, 1, 1, 1, 1, 1, 1, 1, 1, 1, 1, 1, 1, 
        1, 1, 1, 1, 0.758, 0.209, 0.223, 0.2, 0.116, 0.153, 0.767, 
        0.967, 1, 1, 0.995, 0.521, 0.195, 0.237, 0.2, 0.116, 
        0.284, 0.823, 0.958, 1, 1, 1, 1, 1, 1, 1, 1, 1, 1, 1, 
        1, 1, 1, 1, 1, 1, 1, 1, 1, 1, 1, 1, 1, 1, 1, 1, 1, 1, 
        1, 1, 1, 1, 1, 1, 1,  ],
    [ 1, 1, 1, 1, 1, 1, 1, 1, 1, 1, 1, 1, 1, 1, 1, 1, 1, 1, 1, 
        1, 1, 1, 1, 1, 1, 1, 1, 1, 1, 1, 1, 1, 1, 1, 1, 1, 1, 
        1, 1, 1, 0.995, 0.8, 0.381, 0.363, 0.363, 0.349, 0.349, 
        0.423, 0.581, 0.963, 1, 0.981, 0.628, 0.363, 0.377, 0.363, 
        0.353, 0.367, 0.405, 0.605, 0.977, 1, 1, 1, 1, 1, 1, 
        1, 1, 1, 1, 1, 1, 1, 1, 1, 1, 1, 1, 1, 1, 1, 1, 1, 1, 
        1, 1, 1, 1, 1, 1, 1, 1, 1, 1, 1,  ],
    [ 1, 1, 1, 1, 1, 1, 1, 1, 1, 1, 1, 1, 1, 1, 1, 1, 1, 1, 1, 
        1, 1, 1, 1, 1, 1, 1, 1, 1, 1, 1, 1, 1, 1, 1, 1, 1, 1, 
        1, 1, 0.981, 0.805, 0.53, 0.433, 0.386, 0.381, 0.381, 
        0.381, 0.372, 0.177, 0.637, 0.935, 0.707, 0.479, 0.428, 
        0.386, 0.381, 0.381, 0.381, 0.367, 0.209, 0.707, 0.995, 
        1, 1, 1, 1, 1, 1, 1, 1, 1, 1, 1, 1, 1, 1, 1, 1, 1, 1, 
        1, 1, 1, 1, 1, 1, 1, 1, 1, 1, 1, 1, 1, 1, 1, 1,  ],
    [ 1, 1, 1, 1, 1, 1, 1, 1, 1, 1, 1, 1, 1, 1, 1, 1, 1, 1, 1, 
        1, 1, 1, 1, 1, 1, 1, 1, 1, 1, 1, 1, 1, 1, 1, 1, 1, 1, 
        1, 1, 0.833, 0.484, 0.437, 0.433, 0.391, 0.381, 0.381, 
        0.381, 0.381, 0.153, 0.191, 0.619, 0.451, 0.437, 0.433, 
        0.391, 0.381, 0.381, 0.381, 0.377, 0.163, 0.293, 0.953, 
        1, 1, 1, 1, 1, 1, 1, 1, 1, 1, 1, 1, 1, 1, 1, 1, 1, 1, 
        1, 1, 1, 1, 1, 1, 1, 1, 1, 1, 1, 1, 1, 1, 1, 1,  ],
    [ 1, 1, 1, 1, 1, 1, 1, 1, 1, 1, 1, 1, 1, 1, 1, 1, 1, 1, 1, 
        1, 1, 1, 1, 1, 1, 1, 1, 1, 1, 1, 1, 1, 1, 1, 1, 1, 1, 
        1, 1, 0.823, 0.451, 0.437, 0.423, 0.349, 0.33, 0.326, 
        0.312, 0.312, 0.158, 0.088, 0.544, 0.437, 0.437, 0.419, 
        0.326, 0.288, 0.288, 0.288, 0.288, 0.158, 0.163, 0.893, 
        1, 1, 1, 1, 1, 1, 1, 1, 1, 1, 1, 1, 1, 1, 1, 1, 1, 1, 
        1, 1, 1, 1, 1, 1, 1, 1, 1, 1, 1, 1, 1, 1, 1, 1,  ],
    [ 1, 1, 1, 1, 1, 1, 1, 1, 1, 1, 1, 1, 1, 1, 1, 1, 1, 1, 1, 
        1, 1, 1, 1, 1, 1, 1, 1, 1, 1, 1, 1, 1, 1, 1, 1, 1, 1, 
        1, 1, 0.87, 0.47, 0.4, 0.233, 0.084, 0.074, 0.074, 0.07, 
        0.06, 0.042, 0.051, 0.526, 0.447, 0.381, 0.2, 0.07, 0.051, 
        0.06, 0.074, 0.056, 0.037, 0.093, 0.814, 1, 1, 1, 1, 
        1, 1, 1, 1, 1, 1, 1, 1, 1, 1, 1, 1, 1, 1, 1, 1, 1, 1, 
        1, 1, 1, 1, 1, 1, 1, 1, 1, 1, 1, 1,  ],
    [ 1, 1, 1, 1, 1, 1, 1, 1, 1, 1, 1, 1, 1, 1, 1, 1, 1, 1, 1, 
        1, 1, 1, 1, 1, 1, 1, 1, 1, 1, 1, 1, 1, 1, 1, 1, 1, 1, 
        1, 1, 0.907, 0.414, 0.153, 0.042, 0.047, 0.121, 0.172, 
        0.195, 0.093, 0.033, 0.047, 0.484, 0.34, 0.116, 0.033, 
        0.07, 0.153, 0.2, 0.205, 0.084, 0.033, 0.07, 0.721, 1, 
        1, 1, 1, 1, 1, 1, 1, 1, 1, 1, 1, 1, 1, 1, 1, 1, 1, 1, 
        1, 1, 1, 1, 1, 1, 1, 1, 1, 1, 1, 1, 1, 1, 1,  ],
    [ 1, 1, 1, 1, 1, 1, 1, 1, 1, 1, 1, 1, 1, 1, 1, 1, 1, 1, 1, 
        1, 1, 1, 1, 1, 1, 1, 1, 1, 1, 1, 1, 1, 1, 1, 1, 1, 1, 
        1, 1, 0.953, 0.386, 0.042, 0.023, 0.042, 0.163, 0.237, 
        0.237, 0.121, 0.051, 0.279, 0.744, 0.326, 0.037, 0.019, 
        0.07, 0.191, 0.242, 0.223, 0.093, 0.093, 0.423, 0.893, 
        1, 1, 1, 1, 1, 1, 1, 1, 1, 1, 1, 1, 1, 1, 1, 1, 1, 1, 
        1, 1, 1, 1, 1, 1, 1, 1, 1, 1, 1, 1, 1, 1, 1, 1,  ],
    [ 1, 1, 1, 1, 1, 1, 1, 1, 1, 1, 1, 1, 1, 1, 1, 1, 1, 1, 1, 
        1, 1, 1, 1, 1, 1, 1, 1, 1, 1, 1, 1, 1, 1, 1, 1, 1, 1, 
        1, 1, 1, 0.86, 0.293, 0.042, 0.042, 0.102, 0.14, 0.116, 
        0.121, 0.47, 0.888, 0.995, 0.819, 0.214, 0.051, 0.074, 
        0.121, 0.14, 0.107, 0.237, 0.665, 0.958, 1, 1, 1, 1, 
        1, 1, 1, 1, 1, 1, 1, 1, 1, 1, 1, 1, 1, 1, 1, 1, 1, 1, 
        1, 1, 1, 1, 1, 1, 1, 1, 1, 1, 1, 1, 1,  ],
    [ 1, 1, 1, 1, 1, 1, 1, 1, 1, 1, 1, 1, 1, 1, 1, 1, 1, 1, 1, 
        1, 1, 1, 1, 1, 1, 1, 1, 1, 1, 1, 1, 1, 1, 1, 1, 1, 1, 
        1, 1, 1, 1, 0.847, 0.54, 0.512, 0.544, 0.577, 0.577, 
        0.73, 0.967, 1, 1, 0.995, 0.795, 0.637, 0.665, 0.67, 
        0.665, 0.684, 0.874, 0.995, 1, 1, 1, 1, 1, 1, 1, 1, 1, 
        1, 1, 1, 1, 1, 1, 1, 1, 1, 1, 1, 1, 1, 1, 1, 1, 1, 1, 
        1, 1, 1, 1, 1, 1, 1, 1, 1,  ],
    [ 1, 1, 1, 1, 1, 1, 1, 1, 1, 1, 1, 1, 1, 1, 1, 1, 1, 1, 1, 
        1, 1, 1, 1, 1, 1, 1, 1, 1, 1, 1, 1, 1, 1, 1, 1, 1, 1, 
        1, 1, 1, 1, 1, 0.995, 0.995, 0.995, 1, 1, 1, 1, 1, 1, 
        1, 1, 1, 1, 1, 1, 1, 1, 1, 1, 1, 1, 1, 1, 1, 1, 1, 1, 
        1, 1, 1, 1, 1, 1, 1, 1, 1, 1, 1, 1, 1, 1, 1, 1, 1, 1, 
        1, 1, 1, 1, 1, 1, 1, 1, 1,  ],
    [ 1, 1, 1, 1, 1, 1, 1, 1, 1, 1, 1, 1, 1, 1, 1, 1, 1, 1, 1, 
        1, 1, 1, 1, 1, 1, 1, 1, 1, 1, 1, 1, 1, 1, 1, 1, 1, 1, 
        1, 1, 1, 1, 1, 1, 1, 1, 1, 1, 1, 1, 1, 1, 1, 1, 1, 1, 
        1, 1, 1, 1, 1, 1, 1, 1, 1, 1, 1, 1, 1, 1, 1, 1, 1, 1, 
        1, 1, 1, 1, 1, 1, 1, 1, 1, 1, 1, 1, 1, 1, 1, 1, 1, 1, 
        1, 1, 1, 1, 1,  ],
    [ 1, 1, 1, 1, 1, 1, 1, 1, 1, 1, 1, 1, 1, 1, 1, 1, 1, 1, 1, 
        1, 1, 1, 1, 1, 1, 1, 1, 1, 1, 1, 1, 1, 1, 1, 1, 1, 1, 
        1, 1, 1, 1, 1, 1, 1, 1, 1, 1, 1, 1, 1, 1, 1, 1, 1, 1, 
        1, 1, 1, 1, 1, 1, 1, 1, 1, 1, 1, 1, 1, 1, 1, 1, 1, 1, 
        1, 1, 1, 1, 1, 1, 1, 1, 1, 1, 1, 1, 1, 1, 1, 1, 1, 1, 
        1, 1, 1, 1, 1,  ],
];

